timestamp,station_id,latitude,longitude,station_name,address,zip,city,is_virtual_station,station_capacity,state_name,network_id,network_name,bike_id,bike_name,ebike_battery_level,bike_type_id,bike_type_name,sponsor_id,sponsor_name
2023-09-24 03:38:00,458,46.9458027,7.4729321,Giacomettistrasse,Giacomettistrasse 25,3006,Bern,True,29,Active,5,Bern,4047.0,502611,45.0,2.0,E-Bike,,
2023-09-24 03:38:00,458,46.9458027,7.4729321,Giacomettistrasse,Giacomettistrasse 25,3006,Bern,True,29,Active,5,Bern,4020.0,500875,86.0,2.0,E-Bike,,
2023-09-24 03:38:00,458,46.9458027,7.4729321,Giacomettistrasse,Giacomettistrasse 25,3006,Bern,True,29,Active,5,Bern,975.0,101518,,1.0,Bike,,
2023-09-24 03:38:00,458,46.9458027,7.4729321,Giacomettistrasse,Giacomettistrasse 25,3006,Bern,True,29,Active,5,Bern,1192.0,500381,15.0,2.0,E-Bike,,
2023-09-24 03:38:00,458,46.9458027,7.4729321,Giacomettistrasse,Giacomettistrasse 25,3006,Bern,True,29,Active,5,Bern,1411.0,503508,20.0,2.0,E-Bike,,
2023-09-24 03:38:00,567,47.381447,8.497982,Dennlerstrasse,Dennlerstrasse 23,8047,Zürich,True,27,Active,6,Zürich,2872.0,102671,,1.0,Bike,,
2023-09-24 03:38:00,567,47.381447,8.497982,Dennlerstrasse,Dennlerstrasse 23,8047,Zürich,True,27,Active,6,Zürich,3066.0,102118,,1.0,Bike,,
2023-09-24 03:38:00,567,47.381447,8.497982,Dennlerstrasse,Dennlerstrasse 23,8047,Zürich,True,27,Active,6,Zürich,4401.0,503243,,2.0,E-Bike,,
2023-09-24 03:38:00,567,47.381447,8.497982,Dennlerstrasse,Dennlerstrasse 23,8047,Zürich,True,27,Active,6,Zürich,656.0,101423,,1.0,Bike,,
2023-09-24 03:38:00,567,47.381447,8.497982,Dennlerstrasse,Dennlerstrasse 23,8047,Zürich,True,27,Active,6,Zürich,2674.0,501431,47.0,2.0,E-Bike,,
2023-09-24 03:38:00,567,47.381447,8.497982,Dennlerstrasse,Dennlerstrasse 23,8047,Zürich,True,27,Active,6,Zürich,2838.0,501547,17.0,2.0,E-Bike,,
2023-09-24 03:38:00,567,47.381447,8.497982,Dennlerstrasse,Dennlerstrasse 23,8047,Zürich,True,27,Active,6,Zürich,2475.0,102281,,1.0,Bike,,
2023-09-24 03:38:00,567,47.381447,8.497982,Dennlerstrasse,Dennlerstrasse 23,8047,Zürich,True,27,Active,6,Zürich,669.0,101175,,1.0,Bike,,
2023-09-24 03:38:00,567,47.381447,8.497982,Dennlerstrasse,Dennlerstrasse 23,8047,Zürich,True,27,Active,6,Zürich,4818.0,500609,29.0,2.0,E-Bike,,
2023-09-24 03:38:00,848,46.088134,8.915069,Piaza du Buteghin,Via la Munda,6805,Mezzovico-Vira,True,24,Active,3,Sottoceneri (TI),5603.0,104790,,1.0,Bike,,
2023-09-24 03:38:00,848,46.088134,8.915069,Piaza du Buteghin,Via la Munda,6805,Mezzovico-Vira,True,24,Active,3,Sottoceneri (TI),4109.0,500750,86.0,2.0,E-Bike,,
2023-09-24 03:38:00,848,46.088134,8.915069,Piaza du Buteghin,Via la Munda,6805,Mezzovico-Vira,True,24,Active,3,Sottoceneri (TI),5100.0,104110,,1.0,Bike,,
2023-09-24 03:38:00,848,46.088134,8.915069,Piaza du Buteghin,Via la Munda,6805,Mezzovico-Vira,True,24,Active,3,Sottoceneri (TI),5037.0,502856,81.0,2.0,E-Bike,,
2023-09-24 03:38:00,38,46.526347,6.603215,Halte de Malley,Avenue du Chablais,1008,Prilly,True,22,Active (empty),2,Lausanne-Morges,,,,,,1.0,Sponsor 01
2023-09-24 03:38:00,607,46.29934,6.16927,"Mies, Gare",Route de la gare,1295,Mies,True,16,Active,9,Région de Nyon,5843.0,504127,30.0,2.0,E-Bike,,
2023-09-24 03:38:00,607,46.29934,6.16927,"Mies, Gare",Route de la gare,1295,Mies,True,16,Active,9,Région de Nyon,235.0,504413,59.0,2.0,E-Bike,,
2023-09-24 03:38:00,607,46.29934,6.16927,"Mies, Gare",Route de la gare,1295,Mies,True,16,Active,9,Région de Nyon,1712.0,501648,56.0,2.0,E-Bike,,
2023-09-24 03:38:00,607,46.29934,6.16927,"Mies, Gare",Route de la gare,1295,Mies,True,16,Active,9,Région de Nyon,5207.0,103972,,1.0,Bike,,
2023-09-24 03:38:00,607,46.29934,6.16927,"Mies, Gare",Route de la gare,1295,Mies,True,16,Active,9,Région de Nyon,1722.0,501655,12.0,2.0,E-Bike,,
2023-09-24 03:38:00,607,46.29934,6.16927,"Mies, Gare",Route de la gare,1295,Mies,True,16,Active,9,Région de Nyon,1347.0,100475,53.0,2.0,E-Bike,,
2023-09-24 03:38:00,607,46.29934,6.16927,"Mies, Gare",Route de la gare,1295,Mies,True,16,Active,9,Région de Nyon,238.0,504149,51.0,2.0,E-Bike,,
2023-09-24 03:38:00,192,46.9677817,7.4646494,Wankdorf Bhf Nord,Gardistrasse 1,3014,Bern,True,26,Active,5,Bern,1096.0,101310,,1.0,Bike,,
2023-09-24 03:38:00,192,46.9677817,7.4646494,Wankdorf Bhf Nord,Gardistrasse 1,3014,Bern,True,26,Active,5,Bern,4548.0,104277,,1.0,Bike,,
2023-09-24 03:38:00,224,46.9541456,7.4307168,Unitobler West,Lerchenweg 37,3012,Bern,True,10,Active,5,Bern,1498.0,102295,,1.0,Bike,,
2023-09-24 03:38:00,224,46.9541456,7.4307168,Unitobler West,Lerchenweg 37,3012,Bern,True,10,Active,5,Bern,1072.0,101478,,1.0,Bike,,
2023-09-24 03:38:00,224,46.9541456,7.4307168,Unitobler West,Lerchenweg 37,3012,Bern,True,10,Active,5,Bern,6009.0,503745,79.0,2.0,E-Bike,,
2023-09-24 03:38:00,224,46.9541456,7.4307168,Unitobler West,Lerchenweg 37,3012,Bern,True,10,Active,5,Bern,4565.0,104081,,1.0,Bike,,
2023-09-24 03:38:00,224,46.9541456,7.4307168,Unitobler West,Lerchenweg 37,3012,Bern,True,10,Active,5,Bern,3199.0,104213,,1.0,Bike,,
2023-09-24 03:38:00,224,46.9541456,7.4307168,Unitobler West,Lerchenweg 37,3012,Bern,True,10,Active,5,Bern,2540.0,102431,,1.0,Bike,,
2023-09-24 03:38:00,224,46.9541456,7.4307168,Unitobler West,Lerchenweg 37,3012,Bern,True,10,Active,5,Bern,1489.0,103398,,1.0,Bike,,
2023-09-24 03:38:00,224,46.9541456,7.4307168,Unitobler West,Lerchenweg 37,3012,Bern,True,10,Active,5,Bern,1025.0,500363,60.0,2.0,E-Bike,,
2023-09-24 03:38:00,311,46.9442197,7.4366739,Kapellenstrasse BFF,Kapellenstrasse 8,3011,Bern,True,10,Active (empty),5,Bern,,,,,,,
2023-09-24 03:38:00,134,47.358557,8.557088,Mühlebachstrasse,Mühlebachstrasse 131,8008,Zürich,True,24,Active,6,Zürich,903.0,503550,16.0,2.0,E-Bike,,
2023-09-24 03:38:00,134,47.358557,8.557088,Mühlebachstrasse,Mühlebachstrasse 131,8008,Zürich,True,24,Active,6,Zürich,4372.0,503229,25.0,2.0,E-Bike,,
2023-09-24 03:38:00,134,47.358557,8.557088,Mühlebachstrasse,Mühlebachstrasse 131,8008,Zürich,True,24,Active,6,Zürich,4675.0,503127,94.0,2.0,E-Bike,,
2023-09-24 03:38:00,134,47.358557,8.557088,Mühlebachstrasse,Mühlebachstrasse 131,8008,Zürich,True,24,Active,6,Zürich,3087.0,104714,,1.0,Bike,,
2023-09-24 03:38:00,134,47.358557,8.557088,Mühlebachstrasse,Mühlebachstrasse 131,8008,Zürich,True,24,Active,6,Zürich,4769.0,500587,,2.0,E-Bike,,
2023-09-24 03:38:00,134,47.358557,8.557088,Mühlebachstrasse,Mühlebachstrasse 131,8008,Zürich,True,24,Active,6,Zürich,473.0,101334,,1.0,Bike,,
2023-09-24 03:38:00,134,47.358557,8.557088,Mühlebachstrasse,Mühlebachstrasse 131,8008,Zürich,True,24,Active,6,Zürich,4666.0,503138,41.0,2.0,E-Bike,,
2023-09-24 03:38:00,134,47.358557,8.557088,Mühlebachstrasse,Mühlebachstrasse 131,8008,Zürich,True,24,Active,6,Zürich,4950.0,502996,99.0,2.0,E-Bike,,
2023-09-24 03:38:00,134,47.358557,8.557088,Mühlebachstrasse,Mühlebachstrasse 131,8008,Zürich,True,24,Active,6,Zürich,3930.0,102080,,1.0,Bike,,
2023-09-24 03:38:00,134,47.358557,8.557088,Mühlebachstrasse,Mühlebachstrasse 131,8008,Zürich,True,24,Active,6,Zürich,2845.0,501009,13.0,2.0,E-Bike,,
2023-09-24 03:38:00,134,47.358557,8.557088,Mühlebachstrasse,Mühlebachstrasse 131,8008,Zürich,True,24,Active,6,Zürich,724.0,500215,97.0,2.0,E-Bike,,
2023-09-24 03:38:00,134,47.358557,8.557088,Mühlebachstrasse,Mühlebachstrasse 131,8008,Zürich,True,24,Active,6,Zürich,3038.0,102072,,1.0,Bike,,
2023-09-24 03:38:00,134,47.358557,8.557088,Mühlebachstrasse,Mühlebachstrasse 131,8008,Zürich,True,24,Active,6,Zürich,3947.0,500806,19.0,2.0,E-Bike,,
2023-09-24 03:38:00,134,47.358557,8.557088,Mühlebachstrasse,Mühlebachstrasse 131,8008,Zürich,True,24,Active,6,Zürich,784.0,500296,64.0,2.0,E-Bike,,
2023-09-24 03:38:00,134,47.358557,8.557088,Mühlebachstrasse,Mühlebachstrasse 131,8008,Zürich,True,24,Active,6,Zürich,3070.0,102836,,1.0,Bike,,
2023-09-24 03:38:00,134,47.358557,8.557088,Mühlebachstrasse,Mühlebachstrasse 131,8008,Zürich,True,24,Active,6,Zürich,2612.0,501366,50.0,2.0,E-Bike,,
2023-09-24 03:38:00,134,47.358557,8.557088,Mühlebachstrasse,Mühlebachstrasse 131,8008,Zürich,True,24,Active,6,Zürich,1609.0,500635,16.0,2.0,E-Bike,,
2023-09-24 03:38:00,418,46.92878928487582,7.446378819509219,Wabern Bahnhof,Bahnhofstrasse 14,3084,Köniz,True,32,Active,5,Bern,2535.0,102240,,1.0,Bike,,
2023-09-24 03:38:00,418,46.92878928487582,7.446378819509219,Wabern Bahnhof,Bahnhofstrasse 14,3084,Köniz,True,32,Active,5,Bern,4041.0,500861,91.0,2.0,E-Bike,,
2023-09-24 03:38:00,83,47.358663827,8.520370505,Comerge,Bubenbergstrasse 1,8045,Zürich,True,10,Active,6,Zürich,3363.0,503591,27.0,2.0,E-Bike,22.0,Sponsor 22
2023-09-24 03:38:00,83,47.358663827,8.520370505,Comerge,Bubenbergstrasse 1,8045,Zürich,True,10,Active,6,Zürich,2835.0,501190,,2.0,E-Bike,22.0,Sponsor 22
2023-09-24 03:38:00,83,47.358663827,8.520370505,Comerge,Bubenbergstrasse 1,8045,Zürich,True,10,Active,6,Zürich,1836.0,500364,17.0,2.0,E-Bike,22.0,Sponsor 22
2023-09-24 03:38:00,307,46.94905189410797,7.4228753597919885,Station bis 10.12.2023 verschoben: Friedbühlstrasse,Friedbühlstrasse 36,3008,Bern,True,10,Active,5,Bern,1030.0,500362,40.0,2.0,E-Bike,,
2023-09-24 03:38:00,307,46.94905189410797,7.4228753597919885,Station bis 10.12.2023 verschoben: Friedbühlstrasse,Friedbühlstrasse 36,3008,Bern,True,10,Active,5,Bern,1402.0,501964,85.0,2.0,E-Bike,,
2023-09-24 03:38:00,520,47.40245,8.62726,Flugplatz Dübendorf,Wangenstrasse 47-39,8600,Dübendorf,True,16,Active,6,Zürich,2208.0,101778,,1.0,Bike,,
2023-09-24 03:38:00,520,47.40245,8.62726,Flugplatz Dübendorf,Wangenstrasse 47-39,8600,Dübendorf,True,16,Active,6,Zürich,2656.0,501043,61.0,2.0,E-Bike,,
2023-09-24 03:38:00,544,46.52864,6.566695,Cerisaie,Avenue du Tir Fédéral 88,1024,Ecublens,True,13,Active,2,Lausanne-Morges,3698.0,103095,,1.0,Bike,8.0,Sponsor 08
2023-09-24 03:38:00,544,46.52864,6.566695,Cerisaie,Avenue du Tir Fédéral 88,1024,Ecublens,True,13,Active,2,Lausanne-Morges,6093.0,104752,,1.0,Bike,8.0,Sponsor 08
2023-09-24 03:38:00,544,46.52864,6.566695,Cerisaie,Avenue du Tir Fédéral 88,1024,Ecublens,True,13,Active,2,Lausanne-Morges,106.0,100102,,1.0,Bike,8.0,Sponsor 08
2023-09-24 03:38:00,544,46.52864,6.566695,Cerisaie,Avenue du Tir Fédéral 88,1024,Ecublens,True,13,Active,2,Lausanne-Morges,4235.0,101882,,1.0,Bike,8.0,Sponsor 08
2023-09-24 03:38:00,544,46.52864,6.566695,Cerisaie,Avenue du Tir Fédéral 88,1024,Ecublens,True,13,Active,2,Lausanne-Morges,6102.0,105088,,1.0,Bike,8.0,Sponsor 08
2023-09-24 03:38:00,544,46.52864,6.566695,Cerisaie,Avenue du Tir Fédéral 88,1024,Ecublens,True,13,Active,2,Lausanne-Morges,2045.0,104615,,1.0,Bike,8.0,Sponsor 08
2023-09-24 03:38:00,544,46.52864,6.566695,Cerisaie,Avenue du Tir Fédéral 88,1024,Ecublens,True,13,Active,2,Lausanne-Morges,4228.0,501506,16.0,2.0,E-Bike,8.0,Sponsor 08
2023-09-24 03:38:00,701,47.375748,8.548599,ETH Karl-Schmid-Strasse: Mobile Station Zürich 2,Karl-Schmid-Strasse 1,8006,Zürich,True,80,Active,6,Zürich,4438.0,503467,39.0,2.0,E-Bike,,
2023-09-24 03:38:00,701,47.375748,8.548599,ETH Karl-Schmid-Strasse: Mobile Station Zürich 2,Karl-Schmid-Strasse 1,8006,Zürich,True,80,Active,6,Zürich,840.0,503683,22.0,2.0,E-Bike,,
2023-09-24 03:38:00,632,46.79816,7.147493,Passage du Cardinal,Passage du Cardinal,1700,Fribourg,True,40,Active,8,Fribourg,5810.0,504104,29.0,2.0,E-Bike,26.0,Sponsor 26
2023-09-24 03:38:00,632,46.79816,7.147493,Passage du Cardinal,Passage du Cardinal,1700,Fribourg,True,40,Active,8,Fribourg,5242.0,502412,23.0,2.0,E-Bike,26.0,Sponsor 26
2023-09-24 03:38:00,632,46.79816,7.147493,Passage du Cardinal,Passage du Cardinal,1700,Fribourg,True,40,Active,8,Fribourg,5970.0,503941,60.0,2.0,E-Bike,26.0,Sponsor 26
2023-09-24 03:38:00,632,46.79816,7.147493,Passage du Cardinal,Passage du Cardinal,1700,Fribourg,True,40,Active,8,Fribourg,1926.0,500970,35.0,2.0,E-Bike,26.0,Sponsor 26
2023-09-24 03:38:00,349,46.93874927649203,7.475214965129108,Hauptsitz PubliBike,Weltpoststrasse 5,3015,Bern,True,80,Active,5,Bern,3851.0,103236,,1.0,Bike,,
2023-09-24 03:38:00,470,46.9438169,7.3955825,Schwabstrasse Kreisel,Keltenstrasse 41,3018,Bern,True,32,Active,5,Bern,1422.0,501080,83.0,2.0,E-Bike,,
2023-09-24 03:38:00,470,46.9438169,7.3955825,Schwabstrasse Kreisel,Keltenstrasse 41,3018,Bern,True,32,Active,5,Bern,1282.0,502633,99.0,2.0,E-Bike,,
2023-09-24 03:38:00,310,46.959334038741154,7.434909268498735,Freies Gymnasium,Hochfeldstrasse 115,3012,Bern,True,10,Active,5,Bern,3200.0,102761,,1.0,Bike,,
2023-09-24 03:38:00,310,46.959334038741154,7.434909268498735,Freies Gymnasium,Hochfeldstrasse 115,3012,Bern,True,10,Active,5,Bern,4338.0,503223,26.0,2.0,E-Bike,,
2023-09-24 03:38:00,310,46.959334038741154,7.434909268498735,Freies Gymnasium,Hochfeldstrasse 115,3012,Bern,True,10,Active,5,Bern,980.0,500377,71.0,2.0,E-Bike,,
2023-09-24 03:38:00,310,46.959334038741154,7.434909268498735,Freies Gymnasium,Hochfeldstrasse 115,3012,Bern,True,10,Active,5,Bern,2246.0,102041,,1.0,Bike,,
2023-09-24 03:38:00,310,46.959334038741154,7.434909268498735,Freies Gymnasium,Hochfeldstrasse 115,3012,Bern,True,10,Active,5,Bern,3310.0,501218,41.0,2.0,E-Bike,,
2023-09-24 03:38:00,562,47.370238,8.514841,Goldbrunnenplatz,Schrennengasse 37,8003,Zürich,True,19,Active,6,Zürich,648.0,101391,,1.0,Bike,,
2023-09-24 03:38:00,562,47.370238,8.514841,Goldbrunnenplatz,Schrennengasse 37,8003,Zürich,True,19,Active,6,Zürich,2479.0,102598,,1.0,Bike,,
2023-09-24 03:38:00,562,47.370238,8.514841,Goldbrunnenplatz,Schrennengasse 37,8003,Zürich,True,19,Active,6,Zürich,1524.0,101634,,1.0,Bike,,
2023-09-24 03:38:00,562,47.370238,8.514841,Goldbrunnenplatz,Schrennengasse 37,8003,Zürich,True,19,Active,6,Zürich,702.0,500229,64.0,2.0,E-Bike,,
2023-09-24 03:38:00,562,47.370238,8.514841,Goldbrunnenplatz,Schrennengasse 37,8003,Zürich,True,19,Active,6,Zürich,453.0,101259,,1.0,Bike,,
2023-09-24 03:38:00,562,47.370238,8.514841,Goldbrunnenplatz,Schrennengasse 37,8003,Zürich,True,19,Active,6,Zürich,3125.0,102843,,1.0,Bike,,
2023-09-24 03:38:00,562,47.370238,8.514841,Goldbrunnenplatz,Schrennengasse 37,8003,Zürich,True,19,Active,6,Zürich,4649.0,503104,38.0,2.0,E-Bike,,
2023-09-24 03:38:00,562,47.370238,8.514841,Goldbrunnenplatz,Schrennengasse 37,8003,Zürich,True,19,Active,6,Zürich,2696.0,501016,58.0,2.0,E-Bike,,
2023-09-24 03:38:00,562,47.370238,8.514841,Goldbrunnenplatz,Schrennengasse 37,8003,Zürich,True,19,Active,6,Zürich,3301.0,102882,,1.0,Bike,,
2023-09-24 03:38:00,490,46.534129,6.606292,Prilly-Centre,Route de Cossonay 28,1008,Prilly,True,13,Active,2,Lausanne-Morges,5772.0,503763,,2.0,E-Bike,39.0,Sponsor 39
2023-09-24 03:38:00,689,45.82606824449524,9.013036784694819,Pedrinate,Strade Regina 5,6832,Pedrinate,True,21,Active,3,Sottoceneri (TI),5136.0,103361,,1.0,Bike,,
2023-09-24 03:38:00,689,45.82606824449524,9.013036784694819,Pedrinate,Strade Regina 5,6832,Pedrinate,True,21,Active,3,Sottoceneri (TI),5055.0,502873,60.0,2.0,E-Bike,,
2023-09-24 03:38:00,689,45.82606824449524,9.013036784694819,Pedrinate,Strade Regina 5,6832,Pedrinate,True,21,Active,3,Sottoceneri (TI),5593.0,104783,,1.0,Bike,,
2023-09-24 03:38:00,689,45.82606824449524,9.013036784694819,Pedrinate,Strade Regina 5,6832,Pedrinate,True,21,Active,3,Sottoceneri (TI),5144.0,104139,,1.0,Bike,,
2023-09-24 03:38:00,234,46.815219,7.155715,Fribourg-Gottéron,Rue de Morat,1700,Fribourg,True,21,Active,8,Fribourg,5319.0,103998,,1.0,Bike,54.0,Sponsor 54
2023-09-24 03:38:00,289,46.012555,8.943487,Massagno,"via dei Platani,",6908,Massagno,True,80,Active,3,Sottoceneri (TI),5032.0,502853,80.0,2.0,E-Bike,,
2023-09-24 03:38:00,289,46.012555,8.943487,Massagno,"via dei Platani,",6908,Massagno,True,80,Active,3,Sottoceneri (TI),4209.0,504271,81.0,2.0,E-Bike,,
2023-09-24 03:38:00,199,46.9456501,7.3901001,Bahnhof Bümpliz Nord,Mühledorfstrasse 20,3018,Bern,True,13,Active,5,Bern,4969.0,501463,43.0,2.0,E-Bike,,
2023-09-24 03:38:00,199,46.9456501,7.3901001,Bahnhof Bümpliz Nord,Mühledorfstrasse 20,3018,Bern,True,13,Active,5,Bern,2343.0,102491,,1.0,Bike,,
2023-09-24 03:38:00,199,46.9456501,7.3901001,Bahnhof Bümpliz Nord,Mühledorfstrasse 20,3018,Bern,True,13,Active,5,Bern,4347.0,503207,99.0,2.0,E-Bike,,
2023-09-24 03:38:00,199,46.9456501,7.3901001,Bahnhof Bümpliz Nord,Mühledorfstrasse 20,3018,Bern,True,13,Active,5,Bern,2495.0,501163,56.0,2.0,E-Bike,,
2023-09-24 03:38:00,199,46.9456501,7.3901001,Bahnhof Bümpliz Nord,Mühledorfstrasse 20,3018,Bern,True,13,Active,5,Bern,2748.0,102312,,1.0,Bike,,
2023-09-24 03:38:00,199,46.9456501,7.3901001,Bahnhof Bümpliz Nord,Mühledorfstrasse 20,3018,Bern,True,13,Active,5,Bern,4553.0,104292,,1.0,Bike,,
2023-09-24 03:38:00,199,46.9456501,7.3901001,Bahnhof Bümpliz Nord,Mühledorfstrasse 20,3018,Bern,True,13,Active,5,Bern,2276.0,102048,,1.0,Bike,,
2023-09-24 03:38:00,199,46.9456501,7.3901001,Bahnhof Bümpliz Nord,Mühledorfstrasse 20,3018,Bern,True,13,Active,5,Bern,5334.0,104674,,1.0,Bike,,
2023-09-24 03:38:00,199,46.9456501,7.3901001,Bahnhof Bümpliz Nord,Mühledorfstrasse 20,3018,Bern,True,13,Active,5,Bern,4882.0,502963,87.0,2.0,E-Bike,,
2023-09-24 03:38:00,199,46.9456501,7.3901001,Bahnhof Bümpliz Nord,Mühledorfstrasse 20,3018,Bern,True,13,Active,5,Bern,3175.0,102192,,1.0,Bike,,
2023-09-24 03:38:00,199,46.9456501,7.3901001,Bahnhof Bümpliz Nord,Mühledorfstrasse 20,3018,Bern,True,13,Active,5,Bern,2536.0,102242,,1.0,Bike,,
2023-09-24 03:38:00,199,46.9456501,7.3901001,Bahnhof Bümpliz Nord,Mühledorfstrasse 20,3018,Bern,True,13,Active,5,Bern,3786.0,103196,,1.0,Bike,,
2023-09-24 03:38:00,199,46.9456501,7.3901001,Bahnhof Bümpliz Nord,Mühledorfstrasse 20,3018,Bern,True,13,Active,5,Bern,2546.0,101834,,1.0,Bike,,
2023-09-24 03:38:00,199,46.9456501,7.3901001,Bahnhof Bümpliz Nord,Mühledorfstrasse 20,3018,Bern,True,13,Active,5,Bern,1467.0,501769,70.0,2.0,E-Bike,,
2023-09-24 03:38:00,199,46.9456501,7.3901001,Bahnhof Bümpliz Nord,Mühledorfstrasse 20,3018,Bern,True,13,Active,5,Bern,4367.0,503215,83.0,2.0,E-Bike,,
2023-09-24 03:38:00,372,46.970948,7.472052,GVB,Papiermühlestrasse 130,3063,Ittigen,True,80,Active,5,Bern,6172.0,504072,52.0,2.0,E-Bike,,
2023-09-24 03:38:00,372,46.970948,7.472052,GVB,Papiermühlestrasse 130,3063,Ittigen,True,80,Active,5,Bern,1019.0,500354,68.0,2.0,E-Bike,,
2023-09-24 03:38:00,372,46.970948,7.472052,GVB,Papiermühlestrasse 130,3063,Ittigen,True,80,Active,5,Bern,2377.0,501329,28.0,2.0,E-Bike,,
2023-09-24 03:38:00,372,46.970948,7.472052,GVB,Papiermühlestrasse 130,3063,Ittigen,True,80,Active,5,Bern,1137.0,500465,60.0,2.0,E-Bike,,
2023-09-24 03:38:00,372,46.970948,7.472052,GVB,Papiermühlestrasse 130,3063,Ittigen,True,80,Active,5,Bern,3201.0,102763,,1.0,Bike,,
2023-09-24 03:38:00,434,46.0159412,8.9668282,Via Crocetta,Via Crocetta,6900,Lugano,True,80,Active,3,Sottoceneri (TI),1305.0,101087,,1.0,Bike,,
2023-09-24 03:38:00,434,46.0159412,8.9668282,Via Crocetta,Via Crocetta,6900,Lugano,True,80,Active,3,Sottoceneri (TI),5051.0,502870,72.0,2.0,E-Bike,,
2023-09-24 03:38:00,434,46.0159412,8.9668282,Via Crocetta,Via Crocetta,6900,Lugano,True,80,Active,3,Sottoceneri (TI),5149.0,103363,,1.0,Bike,,
2023-09-24 03:38:00,434,46.0159412,8.9668282,Via Crocetta,Via Crocetta,6900,Lugano,True,80,Active,3,Sottoceneri (TI),1793.0,501630,78.0,2.0,E-Bike,,
2023-09-24 03:38:00,434,46.0159412,8.9668282,Via Crocetta,Via Crocetta,6900,Lugano,True,80,Active,3,Sottoceneri (TI),5117.0,104066,,1.0,Bike,,
2023-09-24 03:38:00,434,46.0159412,8.9668282,Via Crocetta,Via Crocetta,6900,Lugano,True,80,Active,3,Sottoceneri (TI),5026.0,502849,43.0,2.0,E-Bike,,
2023-09-24 03:38:00,434,46.0159412,8.9668282,Via Crocetta,Via Crocetta,6900,Lugano,True,80,Active,3,Sottoceneri (TI),5385.0,104591,,1.0,Bike,,
2023-09-24 03:38:00,434,46.0159412,8.9668282,Via Crocetta,Via Crocetta,6900,Lugano,True,80,Active,3,Sottoceneri (TI),5641.0,105218,,1.0,Bike,,
2023-09-24 03:38:00,434,46.0159412,8.9668282,Via Crocetta,Via Crocetta,6900,Lugano,True,80,Active,3,Sottoceneri (TI),5481.0,503609,24.0,2.0,E-Bike,,
2023-09-24 03:38:00,434,46.0159412,8.9668282,Via Crocetta,Via Crocetta,6900,Lugano,True,80,Active,3,Sottoceneri (TI),5460.0,104551,,1.0,Bike,,
2023-09-24 03:38:00,434,46.0159412,8.9668282,Via Crocetta,Via Crocetta,6900,Lugano,True,80,Active,3,Sottoceneri (TI),5175.0,103950,,1.0,Bike,,
2023-09-24 03:38:00,434,46.0159412,8.9668282,Via Crocetta,Via Crocetta,6900,Lugano,True,80,Active,3,Sottoceneri (TI),5046.0,502867,61.0,2.0,E-Bike,,
2023-09-24 03:38:00,434,46.0159412,8.9668282,Via Crocetta,Via Crocetta,6900,Lugano,True,80,Active,3,Sottoceneri (TI),140.0,100288,72.0,2.0,E-Bike,,
2023-09-24 03:38:00,434,46.0159412,8.9668282,Via Crocetta,Via Crocetta,6900,Lugano,True,80,Active,3,Sottoceneri (TI),5182.0,103958,,1.0,Bike,,
2023-09-24 03:38:00,434,46.0159412,8.9668282,Via Crocetta,Via Crocetta,6900,Lugano,True,80,Active,3,Sottoceneri (TI),5075.0,502872,72.0,2.0,E-Bike,,
2023-09-24 03:38:00,580,46.800445,7.122294,Petit-Moncor,Route de Petit-Moncor,1752,Villars-sur-Glâne,True,26,Active (empty),8,Fribourg,,,,,,37.0,Sponsor 37
2023-09-24 03:38:00,611,46.38362,6.23574,"Nyon, Gare Sud",Rue de la gare 38,1260,Nyon,True,18,Active,9,Région de Nyon,5209.0,103970,,1.0,Bike,,
2023-09-24 03:38:00,611,46.38362,6.23574,"Nyon, Gare Sud",Rue de la gare 38,1260,Nyon,True,18,Active,9,Région de Nyon,1293.0,101102,,1.0,Bike,,
2023-09-24 03:38:00,611,46.38362,6.23574,"Nyon, Gare Sud",Rue de la gare 38,1260,Nyon,True,18,Active,9,Région de Nyon,5177.0,103951,,1.0,Bike,,
2023-09-24 03:38:00,611,46.38362,6.23574,"Nyon, Gare Sud",Rue de la gare 38,1260,Nyon,True,18,Active,9,Région de Nyon,5661.0,103345,,1.0,Bike,,
2023-09-24 03:38:00,290,46.946888089472424,7.445830418186601,Nationalbank,Inselgasse 1,3011,Bern,True,32,Active,5,Bern,2300.0,103392,,1.0,Bike,,
2023-09-24 03:38:00,290,46.946888089472424,7.445830418186601,Nationalbank,Inselgasse 1,3011,Bern,True,32,Active,5,Bern,2585.0,501179,98.0,2.0,E-Bike,,
2023-09-24 03:38:00,290,46.946888089472424,7.445830418186601,Nationalbank,Inselgasse 1,3011,Bern,True,32,Active,5,Bern,4550.0,104293,,1.0,Bike,,
2023-09-24 03:38:00,290,46.946888089472424,7.445830418186601,Nationalbank,Inselgasse 1,3011,Bern,True,32,Active,5,Bern,4005.0,103318,,1.0,Bike,,
2023-09-24 03:38:00,230,46.9547361,7.4333909,Sattler-Gelateria,Mittelstrasse 18,3012,Bern,True,10,Active,5,Bern,3460.0,502269,20.0,2.0,E-Bike,,
2023-09-24 03:38:00,230,46.9547361,7.4333909,Sattler-Gelateria,Mittelstrasse 18,3012,Bern,True,10,Active,5,Bern,4920.0,502949,23.0,2.0,E-Bike,,
2023-09-24 03:38:00,230,46.9547361,7.4333909,Sattler-Gelateria,Mittelstrasse 18,3012,Bern,True,10,Active,5,Bern,1103.0,101344,,1.0,Bike,,
2023-09-24 03:38:00,197,46.9394841,7.3899968,Bachmätteli,Bottigenstrasse 9,3018,Bern,True,6,Active,5,Bern,3322.0,502674,77.0,2.0,E-Bike,,
2023-09-24 03:38:00,766,46.020826,8.964896,Quartiere 9,Via Industria,6963,Lugano,True,22,Active,3,Sottoceneri (TI),5532.0,503638,55.0,2.0,E-Bike,,
2023-09-24 03:38:00,766,46.020826,8.964896,Quartiere 9,Via Industria,6963,Lugano,True,22,Active,3,Sottoceneri (TI),5159.0,104071,,1.0,Bike,,
2023-09-24 03:38:00,217,46.9483305,7.44079,Bahnhofplatz,Spitalgasse 44,3011,Bern,True,88,Active,5,Bern,1397.0,501097,37.0,2.0,E-Bike,,
2023-09-24 03:38:00,605,46.46063,6.32262,"Rolle, by A-One",Z. A. La Pièce 4,1180,Rolle,True,35,Active,9,Région de Nyon,1689.0,501693,20.0,2.0,E-Bike,,
2023-09-24 03:38:00,605,46.46063,6.32262,"Rolle, by A-One",Z. A. La Pièce 4,1180,Rolle,True,35,Active,9,Région de Nyon,260.0,100155,,1.0,Bike,,
2023-09-24 03:38:00,605,46.46063,6.32262,"Rolle, by A-One",Z. A. La Pièce 4,1180,Rolle,True,35,Active,9,Région de Nyon,5178.0,103947,,1.0,Bike,,
2023-09-24 03:38:00,166,46.425927,6.28774,"Gland, La Lignière",La Lignière,1196,Gland,True,30,Active,9,Région de Nyon,201.0,100280,60.0,2.0,E-Bike,,
2023-09-24 03:38:00,166,46.425927,6.28774,"Gland, La Lignière",La Lignière,1196,Gland,True,30,Active,9,Région de Nyon,1193.0,101091,,1.0,Bike,,
2023-09-24 03:38:00,166,46.425927,6.28774,"Gland, La Lignière",La Lignière,1196,Gland,True,30,Active,9,Région de Nyon,5652.0,103351,,1.0,Bike,,
2023-09-24 03:38:00,166,46.425927,6.28774,"Gland, La Lignière",La Lignière,1196,Gland,True,30,Active,9,Région de Nyon,643.0,101396,,1.0,Bike,,
2023-09-24 03:38:00,166,46.425927,6.28774,"Gland, La Lignière",La Lignière,1196,Gland,True,30,Active,9,Région de Nyon,1326.0,101370,,1.0,Bike,,
2023-09-24 03:38:00,514,47.397885,8.596202,Bahnhof Stettbach,Bahnhof Stettbach,8051,Zürich,True,26,Active,6,Zürich,4878.0,500561,37.0,2.0,E-Bike,,
2023-09-24 03:38:00,514,47.397885,8.596202,Bahnhof Stettbach,Bahnhof Stettbach,8051,Zürich,True,26,Active,6,Zürich,736.0,500220,,2.0,E-Bike,,
2023-09-24 03:38:00,514,47.397885,8.596202,Bahnhof Stettbach,Bahnhof Stettbach,8051,Zürich,True,26,Active,6,Zürich,4700.0,500690,55.0,2.0,E-Bike,,
2023-09-24 03:38:00,514,47.397885,8.596202,Bahnhof Stettbach,Bahnhof Stettbach,8051,Zürich,True,26,Active,6,Zürich,2457.0,504085,18.0,2.0,E-Bike,,
2023-09-24 03:38:00,514,47.397885,8.596202,Bahnhof Stettbach,Bahnhof Stettbach,8051,Zürich,True,26,Active,6,Zürich,1586.0,101658,,1.0,Bike,,
2023-09-24 03:38:00,514,47.397885,8.596202,Bahnhof Stettbach,Bahnhof Stettbach,8051,Zürich,True,26,Active,6,Zürich,2692.0,501041,70.0,2.0,E-Bike,,
2023-09-24 03:38:00,514,47.397885,8.596202,Bahnhof Stettbach,Bahnhof Stettbach,8051,Zürich,True,26,Active,6,Zürich,922.0,500083,92.0,2.0,E-Bike,,
2023-09-24 03:38:00,514,47.397885,8.596202,Bahnhof Stettbach,Bahnhof Stettbach,8051,Zürich,True,26,Active,6,Zürich,3533.0,504361,,2.0,E-Bike,,
2023-09-24 03:38:00,514,47.397885,8.596202,Bahnhof Stettbach,Bahnhof Stettbach,8051,Zürich,True,26,Active,6,Zürich,896.0,500262,46.0,2.0,E-Bike,,
2023-09-24 03:38:00,514,47.397885,8.596202,Bahnhof Stettbach,Bahnhof Stettbach,8051,Zürich,True,26,Active,6,Zürich,2649.0,501068,93.0,2.0,E-Bike,,
2023-09-24 03:38:00,514,47.397885,8.596202,Bahnhof Stettbach,Bahnhof Stettbach,8051,Zürich,True,26,Active,6,Zürich,3266.0,102858,,1.0,Bike,,
2023-09-24 03:38:00,514,47.397885,8.596202,Bahnhof Stettbach,Bahnhof Stettbach,8051,Zürich,True,26,Active,6,Zürich,3416.0,503463,26.0,2.0,E-Bike,,
2023-09-24 03:38:00,514,47.397885,8.596202,Bahnhof Stettbach,Bahnhof Stettbach,8051,Zürich,True,26,Active,6,Zürich,2830.0,501567,15.0,2.0,E-Bike,,
2023-09-24 03:38:00,514,47.397885,8.596202,Bahnhof Stettbach,Bahnhof Stettbach,8051,Zürich,True,26,Active,6,Zürich,892.0,500121,59.0,2.0,E-Bike,,
2023-09-24 03:38:00,514,47.397885,8.596202,Bahnhof Stettbach,Bahnhof Stettbach,8051,Zürich,True,26,Active,6,Zürich,711.0,500267,62.0,2.0,E-Bike,,
2023-09-24 03:38:00,514,47.397885,8.596202,Bahnhof Stettbach,Bahnhof Stettbach,8051,Zürich,True,26,Active,6,Zürich,4829.0,500517,87.0,2.0,E-Bike,,
2023-09-24 03:38:00,514,47.397885,8.596202,Bahnhof Stettbach,Bahnhof Stettbach,8051,Zürich,True,26,Active,6,Zürich,4711.0,501145,79.0,2.0,E-Bike,,
2023-09-24 03:38:00,514,47.397885,8.596202,Bahnhof Stettbach,Bahnhof Stettbach,8051,Zürich,True,26,Active,6,Zürich,1544.0,501086,49.0,2.0,E-Bike,,
2023-09-24 03:38:00,514,47.397885,8.596202,Bahnhof Stettbach,Bahnhof Stettbach,8051,Zürich,True,26,Active,6,Zürich,3527.0,500785,10.0,2.0,E-Bike,,
2023-09-24 03:38:00,514,47.397885,8.596202,Bahnhof Stettbach,Bahnhof Stettbach,8051,Zürich,True,26,Active,6,Zürich,3367.0,501243,40.0,2.0,E-Bike,,
2023-09-24 03:38:00,514,47.397885,8.596202,Bahnhof Stettbach,Bahnhof Stettbach,8051,Zürich,True,26,Active,6,Zürich,3952.0,500822,93.0,2.0,E-Bike,,
2023-09-24 03:38:00,514,47.397885,8.596202,Bahnhof Stettbach,Bahnhof Stettbach,8051,Zürich,True,26,Active,6,Zürich,925.0,500079,17.0,2.0,E-Bike,,
2023-09-24 03:38:00,514,47.397885,8.596202,Bahnhof Stettbach,Bahnhof Stettbach,8051,Zürich,True,26,Active,6,Zürich,939.0,500075,44.0,2.0,E-Bike,,
2023-09-24 03:38:00,514,47.397885,8.596202,Bahnhof Stettbach,Bahnhof Stettbach,8051,Zürich,True,26,Active,6,Zürich,3531.0,501288,,2.0,E-Bike,,
2023-09-24 03:38:00,514,47.397885,8.596202,Bahnhof Stettbach,Bahnhof Stettbach,8051,Zürich,True,26,Active,6,Zürich,658.0,101457,,1.0,Bike,,
2023-09-24 03:38:00,514,47.397885,8.596202,Bahnhof Stettbach,Bahnhof Stettbach,8051,Zürich,True,26,Active,6,Zürich,1603.0,501785,12.0,2.0,E-Bike,,
2023-09-24 03:38:00,514,47.397885,8.596202,Bahnhof Stettbach,Bahnhof Stettbach,8051,Zürich,True,26,Active,6,Zürich,2397.0,102543,,1.0,Bike,,
2023-09-24 03:38:00,514,47.397885,8.596202,Bahnhof Stettbach,Bahnhof Stettbach,8051,Zürich,True,26,Active,6,Zürich,4776.0,500741,15.0,2.0,E-Bike,,
2023-09-24 03:38:00,847,46.094684,8.928136,FFS Mezzovico-Vira,Via alla stazione,6805,Mezzovico-Vira,True,27,Active,3,Sottoceneri (TI),5372.0,503708,89.0,2.0,E-Bike,,
2023-09-24 03:38:00,847,46.094684,8.928136,FFS Mezzovico-Vira,Via alla stazione,6805,Mezzovico-Vira,True,27,Active,3,Sottoceneri (TI),5568.0,104896,,1.0,Bike,,
2023-09-24 03:38:00,847,46.094684,8.928136,FFS Mezzovico-Vira,Via alla stazione,6805,Mezzovico-Vira,True,27,Active,3,Sottoceneri (TI),5470.0,104452,,1.0,Bike,,
2023-09-24 03:38:00,847,46.094684,8.928136,FFS Mezzovico-Vira,Via alla stazione,6805,Mezzovico-Vira,True,27,Active,3,Sottoceneri (TI),5490.0,104571,,1.0,Bike,,
2023-09-24 03:38:00,847,46.094684,8.928136,FFS Mezzovico-Vira,Via alla stazione,6805,Mezzovico-Vira,True,27,Active,3,Sottoceneri (TI),5042.0,502860,88.0,2.0,E-Bike,,
2023-09-24 03:38:00,847,46.094684,8.928136,FFS Mezzovico-Vira,Via alla stazione,6805,Mezzovico-Vira,True,27,Active,3,Sottoceneri (TI),1785.0,501310,91.0,2.0,E-Bike,,
2023-09-24 03:38:00,363,47.416155,8.541712,Wahlenpark,Eggbühlstrasse 21,8050,Zürich,True,13,Active,6,Zürich,4860.0,502540,50.0,2.0,E-Bike,,
2023-09-24 03:38:00,363,47.416155,8.541712,Wahlenpark,Eggbühlstrasse 21,8050,Zürich,True,13,Active,6,Zürich,848.0,503679,79.0,2.0,E-Bike,,
2023-09-24 03:38:00,363,47.416155,8.541712,Wahlenpark,Eggbühlstrasse 21,8050,Zürich,True,13,Active,6,Zürich,532.0,101413,,1.0,Bike,,
2023-09-24 03:38:00,363,47.416155,8.541712,Wahlenpark,Eggbühlstrasse 21,8050,Zürich,True,13,Active,6,Zürich,2672.0,503712,19.0,2.0,E-Bike,,
2023-09-24 03:38:00,363,47.416155,8.541712,Wahlenpark,Eggbühlstrasse 21,8050,Zürich,True,13,Active,6,Zürich,3088.0,102814,,1.0,Bike,,
2023-09-24 03:38:00,261,46.9366583,7.4679887,Ringoltingenstrasse,Ringoltingenstrasse 21,3006,Bern,True,10,Active,5,Bern,985.0,500339,40.0,2.0,E-Bike,,
2023-09-24 03:38:00,261,46.9366583,7.4679887,Ringoltingenstrasse,Ringoltingenstrasse 21,3006,Bern,True,10,Active,5,Bern,1276.0,102391,,1.0,Bike,,
2023-09-24 03:38:00,261,46.9366583,7.4679887,Ringoltingenstrasse,Ringoltingenstrasse 21,3006,Bern,True,10,Active,5,Bern,4103.0,502601,93.0,2.0,E-Bike,,
2023-09-24 03:38:00,261,46.9366583,7.4679887,Ringoltingenstrasse,Ringoltingenstrasse 21,3006,Bern,True,10,Active,5,Bern,2976.0,102215,,1.0,Bike,,
2023-09-24 03:38:00,261,46.9366583,7.4679887,Ringoltingenstrasse,Ringoltingenstrasse 21,3006,Bern,True,10,Active,5,Bern,2029.0,501818,30.0,2.0,E-Bike,,
2023-09-24 03:38:00,261,46.9366583,7.4679887,Ringoltingenstrasse,Ringoltingenstrasse 21,3006,Bern,True,10,Active,5,Bern,6176.0,504078,86.0,2.0,E-Bike,,
2023-09-24 03:38:00,261,46.9366583,7.4679887,Ringoltingenstrasse,Ringoltingenstrasse 21,3006,Bern,True,10,Active,5,Bern,3191.0,102752,,1.0,Bike,,
2023-09-24 03:38:00,261,46.9366583,7.4679887,Ringoltingenstrasse,Ringoltingenstrasse 21,3006,Bern,True,10,Active,5,Bern,4016.0,500804,59.0,2.0,E-Bike,,
2023-09-24 03:38:00,261,46.9366583,7.4679887,Ringoltingenstrasse,Ringoltingenstrasse 21,3006,Bern,True,10,Active,5,Bern,1041.0,500423,59.0,2.0,E-Bike,,
2023-09-24 03:38:00,261,46.9366583,7.4679887,Ringoltingenstrasse,Ringoltingenstrasse 21,3006,Bern,True,10,Active,5,Bern,3330.0,501254,24.0,2.0,E-Bike,,
2023-09-24 03:38:00,312,46.9356089,7.4471426,Ka-We-De,Jubiläumsstrasse 101,3005,Bern,True,6,Active,5,Bern,3339.0,503497,56.0,2.0,E-Bike,,
2023-09-24 03:38:00,312,46.9356089,7.4471426,Ka-We-De,Jubiläumsstrasse 101,3005,Bern,True,6,Active,5,Bern,1087.0,101345,,1.0,Bike,,
2023-09-24 03:38:00,312,46.9356089,7.4471426,Ka-We-De,Jubiläumsstrasse 101,3005,Bern,True,6,Active,5,Bern,2533.0,103368,,1.0,Bike,,
2023-09-24 03:38:00,312,46.9356089,7.4471426,Ka-We-De,Jubiläumsstrasse 101,3005,Bern,True,6,Active,5,Bern,3604.0,102989,,1.0,Bike,,
2023-09-24 03:38:00,312,46.9356089,7.4471426,Ka-We-De,Jubiläumsstrasse 101,3005,Bern,True,6,Active,5,Bern,2766.0,102091,,1.0,Bike,,
2023-09-24 03:38:00,312,46.9356089,7.4471426,Ka-We-De,Jubiläumsstrasse 101,3005,Bern,True,6,Active,5,Bern,962.0,500324,17.0,2.0,E-Bike,,
2023-09-24 03:38:00,312,46.9356089,7.4471426,Ka-We-De,Jubiläumsstrasse 101,3005,Bern,True,6,Active,5,Bern,2333.0,102499,,1.0,Bike,,
2023-09-24 03:38:00,312,46.9356089,7.4471426,Ka-We-De,Jubiläumsstrasse 101,3005,Bern,True,6,Active,5,Bern,1285.0,500493,83.0,2.0,E-Bike,,
2023-09-24 03:38:00,538,47.367656,8.516257,Kirche Bühl,Goldbrunnenstrasse 54,8055,Zürich,True,19,Active,6,Zürich,853.0,500241,78.0,2.0,E-Bike,,
2023-09-24 03:38:00,538,47.367656,8.516257,Kirche Bühl,Goldbrunnenstrasse 54,8055,Zürich,True,19,Active,6,Zürich,2807.0,501577,,2.0,E-Bike,,
2023-09-24 03:38:00,538,47.367656,8.516257,Kirche Bühl,Goldbrunnenstrasse 54,8055,Zürich,True,19,Active,6,Zürich,3263.0,503593,49.0,2.0,E-Bike,,
2023-09-24 03:38:00,538,47.367656,8.516257,Kirche Bühl,Goldbrunnenstrasse 54,8055,Zürich,True,19,Active,6,Zürich,4428.0,503284,48.0,2.0,E-Bike,,
2023-09-24 03:38:00,538,47.367656,8.516257,Kirche Bühl,Goldbrunnenstrasse 54,8055,Zürich,True,19,Active,6,Zürich,4685.0,503147,45.0,2.0,E-Bike,,
2023-09-24 03:38:00,25,46.51729603169255,6.630497103216617,Lausanne Gare CFF Nord,Avenue de la Gare,1003,Lausanne,True,26,Active,2,Lausanne-Morges,6033.0,504229,26.0,2.0,E-Bike,1.0,Sponsor 01
2023-09-24 03:38:00,7,46.522591,6.584961,Dorigny,UNIL Dorigny Bâtiment Extranef,1015,Ecublens,True,22,Active,2,Lausanne-Morges,6107.0,105085,,1.0,Bike,6.0,Sponsor 06
2023-09-24 03:38:00,7,46.522591,6.584961,Dorigny,UNIL Dorigny Bâtiment Extranef,1015,Ecublens,True,22,Active,2,Lausanne-Morges,431.0,104533,,1.0,Bike,6.0,Sponsor 06
2023-09-24 03:38:00,7,46.522591,6.584961,Dorigny,UNIL Dorigny Bâtiment Extranef,1015,Ecublens,True,22,Active,2,Lausanne-Morges,6037.0,105180,,1.0,Bike,6.0,Sponsor 06
2023-09-24 03:38:00,7,46.522591,6.584961,Dorigny,UNIL Dorigny Bâtiment Extranef,1015,Ecublens,True,22,Active,2,Lausanne-Morges,79.0,104619,,1.0,Bike,6.0,Sponsor 06
2023-09-24 03:38:00,7,46.522591,6.584961,Dorigny,UNIL Dorigny Bâtiment Extranef,1015,Ecublens,True,22,Active,2,Lausanne-Morges,2052.0,101045,,1.0,Bike,6.0,Sponsor 06
2023-09-24 03:38:00,7,46.522591,6.584961,Dorigny,UNIL Dorigny Bâtiment Extranef,1015,Ecublens,True,22,Active,2,Lausanne-Morges,6051.0,104962,,1.0,Bike,6.0,Sponsor 06
2023-09-24 03:38:00,7,46.522591,6.584961,Dorigny,UNIL Dorigny Bâtiment Extranef,1015,Ecublens,True,22,Active,2,Lausanne-Morges,6066.0,105050,,1.0,Bike,6.0,Sponsor 06
2023-09-24 03:38:00,7,46.522591,6.584961,Dorigny,UNIL Dorigny Bâtiment Extranef,1015,Ecublens,True,22,Active,2,Lausanne-Morges,2091.0,101054,,1.0,Bike,6.0,Sponsor 06
2023-09-24 03:38:00,7,46.522591,6.584961,Dorigny,UNIL Dorigny Bâtiment Extranef,1015,Ecublens,True,22,Active,2,Lausanne-Morges,309.0,100147,,1.0,Bike,6.0,Sponsor 06
2023-09-24 03:38:00,7,46.522591,6.584961,Dorigny,UNIL Dorigny Bâtiment Extranef,1015,Ecublens,True,22,Active,2,Lausanne-Morges,224.0,104540,,1.0,Bike,6.0,Sponsor 06
2023-09-24 03:38:00,7,46.522591,6.584961,Dorigny,UNIL Dorigny Bâtiment Extranef,1015,Ecublens,True,22,Active,2,Lausanne-Morges,6087.0,105013,,1.0,Bike,6.0,Sponsor 06
2023-09-24 03:38:00,7,46.522591,6.584961,Dorigny,UNIL Dorigny Bâtiment Extranef,1015,Ecublens,True,22,Active,2,Lausanne-Morges,1944.0,101700,,1.0,Bike,6.0,Sponsor 06
2023-09-24 03:38:00,7,46.522591,6.584961,Dorigny,UNIL Dorigny Bâtiment Extranef,1015,Ecublens,True,22,Active,2,Lausanne-Morges,6091.0,105002,,1.0,Bike,6.0,Sponsor 06
2023-09-24 03:38:00,7,46.522591,6.584961,Dorigny,UNIL Dorigny Bâtiment Extranef,1015,Ecublens,True,22,Active,2,Lausanne-Morges,6035.0,104973,,1.0,Bike,6.0,Sponsor 06
2023-09-24 03:38:00,417,46.92903811738819,7.417226193945767,Neuhausplatz,Könizstrasse 249,3097,Köniz,True,32,Active,5,Bern,4149.0,500904,65.0,2.0,E-Bike,,
2023-09-24 03:38:00,417,46.92903811738819,7.417226193945767,Neuhausplatz,Könizstrasse 249,3097,Köniz,True,32,Active,5,Bern,2501.0,501602,75.0,2.0,E-Bike,,
2023-09-24 03:38:00,417,46.92903811738819,7.417226193945767,Neuhausplatz,Könizstrasse 249,3097,Köniz,True,32,Active,5,Bern,3904.0,500794,50.0,2.0,E-Bike,,
2023-09-24 03:38:00,417,46.92903811738819,7.417226193945767,Neuhausplatz,Könizstrasse 249,3097,Köniz,True,32,Active,5,Bern,3597.0,503502,61.0,2.0,E-Bike,,
2023-09-24 03:38:00,417,46.92903811738819,7.417226193945767,Neuhausplatz,Könizstrasse 249,3097,Köniz,True,32,Active,5,Bern,3912.0,500758,31.0,2.0,E-Bike,,
2023-09-24 03:38:00,417,46.92903811738819,7.417226193945767,Neuhausplatz,Könizstrasse 249,3097,Köniz,True,32,Active,5,Bern,3445.0,502256,20.0,2.0,E-Bike,,
2023-09-24 03:38:00,417,46.92903811738819,7.417226193945767,Neuhausplatz,Könizstrasse 249,3097,Köniz,True,32,Active,5,Bern,4150.0,500643,41.0,2.0,E-Bike,,
2023-09-24 03:38:00,417,46.92903811738819,7.417226193945767,Neuhausplatz,Könizstrasse 249,3097,Köniz,True,32,Active,5,Bern,4605.0,501078,82.0,2.0,E-Bike,,
2023-09-24 03:38:00,417,46.92903811738819,7.417226193945767,Neuhausplatz,Könizstrasse 249,3097,Köniz,True,32,Active,5,Bern,4939.0,502586,62.0,2.0,E-Bike,,
2023-09-24 03:38:00,417,46.92903811738819,7.417226193945767,Neuhausplatz,Könizstrasse 249,3097,Köniz,True,32,Active,5,Bern,3139.0,102700,,1.0,Bike,,
2023-09-24 03:38:00,660,47.3525,8.527157,Muggenbühl,Mutschellenstrasse 36,8038,Zürich,True,26,Active,6,Zürich,728.0,500214,29.0,2.0,E-Bike,,
2023-09-24 03:38:00,660,47.3525,8.527157,Muggenbühl,Mutschellenstrasse 36,8038,Zürich,True,26,Active,6,Zürich,3819.0,103182,,1.0,Bike,,
2023-09-24 03:38:00,660,47.3525,8.527157,Muggenbühl,Mutschellenstrasse 36,8038,Zürich,True,26,Active,6,Zürich,869.0,500072,16.0,2.0,E-Bike,,
2023-09-24 03:38:00,660,47.3525,8.527157,Muggenbühl,Mutschellenstrasse 36,8038,Zürich,True,26,Active,6,Zürich,515.0,102265,,1.0,Bike,,
2023-09-24 03:38:00,660,47.3525,8.527157,Muggenbühl,Mutschellenstrasse 36,8038,Zürich,True,26,Active,6,Zürich,4682.0,503140,11.0,2.0,E-Bike,,
2023-09-24 03:38:00,660,47.3525,8.527157,Muggenbühl,Mutschellenstrasse 36,8038,Zürich,True,26,Active,6,Zürich,4858.0,500537,61.0,2.0,E-Bike,,
2023-09-24 03:38:00,31,46.50737,6.495352,Dufour,Place Dufour,1110,Morges,True,11,Active,2,Lausanne-Morges,6140.0,504253,,2.0,E-Bike,9.0,Sponsor 09
2023-09-24 03:38:00,31,46.50737,6.495352,Dufour,Place Dufour,1110,Morges,True,11,Active,2,Lausanne-Morges,2227.0,105195,,1.0,Bike,9.0,Sponsor 09
2023-09-24 03:38:00,31,46.50737,6.495352,Dufour,Place Dufour,1110,Morges,True,11,Active,2,Lausanne-Morges,3085.0,102821,,1.0,Bike,9.0,Sponsor 09
2023-09-24 03:38:00,31,46.50737,6.495352,Dufour,Place Dufour,1110,Morges,True,11,Active,2,Lausanne-Morges,5088.0,104253,,1.0,Bike,9.0,Sponsor 09
2023-09-24 03:38:00,31,46.50737,6.495352,Dufour,Place Dufour,1110,Morges,True,11,Active,2,Lausanne-Morges,5981.0,503781,27.0,2.0,E-Bike,9.0,Sponsor 09
2023-09-24 03:38:00,31,46.50737,6.495352,Dufour,Place Dufour,1110,Morges,True,11,Active,2,Lausanne-Morges,6042.0,104968,,1.0,Bike,9.0,Sponsor 09
2023-09-24 03:38:00,288,45.982056,8.918121,Montagnola Piazza Brocchi,Piazza Brocchi,6926,Montagnola,True,80,Active,3,Sottoceneri (TI),1769.0,500912,22.0,2.0,E-Bike,,
2023-09-24 03:38:00,288,45.982056,8.918121,Montagnola Piazza Brocchi,Piazza Brocchi,6926,Montagnola,True,80,Active,3,Sottoceneri (TI),1709.0,501624,61.0,2.0,E-Bike,,
2023-09-24 03:38:00,288,45.982056,8.918121,Montagnola Piazza Brocchi,Piazza Brocchi,6926,Montagnola,True,80,Active,3,Sottoceneri (TI),5154.0,104029,,1.0,Bike,,
2023-09-24 03:38:00,288,45.982056,8.918121,Montagnola Piazza Brocchi,Piazza Brocchi,6926,Montagnola,True,80,Active,3,Sottoceneri (TI),113.0,100248,29.0,2.0,E-Bike,,
2023-09-24 03:38:00,288,45.982056,8.918121,Montagnola Piazza Brocchi,Piazza Brocchi,6926,Montagnola,True,80,Active,3,Sottoceneri (TI),5420.0,104520,,1.0,Bike,,
2023-09-24 03:38:00,288,45.982056,8.918121,Montagnola Piazza Brocchi,Piazza Brocchi,6926,Montagnola,True,80,Active,3,Sottoceneri (TI),5581.0,105232,,1.0,Bike,,
2023-09-24 03:38:00,549,46.951735,7.416496,Forsthaus KVA / TBA,Murtenstrasse 98,3008,Bern,True,48,Active,5,Bern,1802.0,501319,68.0,2.0,E-Bike,,
2023-09-24 03:38:00,755,46.318532025495244,6.187802904461231,"Coppet, Gare",Route de Founex,1296,Coppet,True,22,Active (empty),9,Région de Nyon,,,,,,,
2023-09-24 03:38:00,781,46.018784,8.962014,CSIA,Via Brentani,6900,Lugano,True,21,Active,3,Sottoceneri (TI),5449.0,104528,,1.0,Bike,,
2023-09-24 03:38:00,781,46.018784,8.962014,CSIA,Via Brentani,6900,Lugano,True,21,Active,3,Sottoceneri (TI),111.0,100165,79.0,2.0,E-Bike,,
2023-09-24 03:38:00,781,46.018784,8.962014,CSIA,Via Brentani,6900,Lugano,True,21,Active,3,Sottoceneri (TI),5489.0,503490,68.0,2.0,E-Bike,,
2023-09-24 03:38:00,781,46.018784,8.962014,CSIA,Via Brentani,6900,Lugano,True,21,Active,3,Sottoceneri (TI),5346.0,104599,,1.0,Bike,,
2023-09-24 03:38:00,781,46.018784,8.962014,CSIA,Via Brentani,6900,Lugano,True,21,Active,3,Sottoceneri (TI),1715.0,501636,78.0,2.0,E-Bike,,
2023-09-24 03:38:00,781,46.018784,8.962014,CSIA,Via Brentani,6900,Lugano,True,21,Active,3,Sottoceneri (TI),5392.0,104512,,1.0,Bike,,
2023-09-24 03:38:00,551,46.957196,7.450895,Breitenrainstrasse,Optingenstrasse 53,3013,Bern,True,32,Active,5,Bern,1967.0,500433,60.0,2.0,E-Bike,,
2023-09-24 03:38:00,551,46.957196,7.450895,Breitenrainstrasse,Optingenstrasse 53,3013,Bern,True,32,Active,5,Bern,1010.0,101554,,1.0,Bike,,
2023-09-24 03:38:00,551,46.957196,7.450895,Breitenrainstrasse,Optingenstrasse 53,3013,Bern,True,32,Active,5,Bern,4009.0,500755,90.0,2.0,E-Bike,,
2023-09-24 03:38:00,206,45.982042,8.883593,Magliaso FLP,Via Stazione  18,6983,Magliaso,True,80,Active,3,Sottoceneri (TI),1706.0,501647,80.0,2.0,E-Bike,,
2023-09-24 03:38:00,206,45.982042,8.883593,Magliaso FLP,Via Stazione  18,6983,Magliaso,True,80,Active,3,Sottoceneri (TI),4187.0,101892,,1.0,Bike,,
2023-09-24 03:38:00,753,46.3221235178547,6.187826521431379,"Coppet, Rojalets",Route de Founex,1296,Coppet,True,22,Active (empty),9,Région de Nyon,,,,,,,
2023-09-24 03:38:00,638,47.421914,8.549832,Seebach ZüriMobil Station,Schaffhauserstrasse 509,8052,Zürich,True,80,Active,6,Zürich,4760.0,500507,,2.0,E-Bike,,
2023-09-24 03:38:00,638,47.421914,8.549832,Seebach ZüriMobil Station,Schaffhauserstrasse 509,8052,Zürich,True,80,Active,6,Zürich,3113.0,503560,36.0,2.0,E-Bike,,
2023-09-24 03:38:00,638,47.421914,8.549832,Seebach ZüriMobil Station,Schaffhauserstrasse 509,8052,Zürich,True,80,Active,6,Zürich,1564.0,504089,63.0,2.0,E-Bike,,
2023-09-24 03:38:00,638,47.421914,8.549832,Seebach ZüriMobil Station,Schaffhauserstrasse 509,8052,Zürich,True,80,Active,6,Zürich,883.0,500120,78.0,2.0,E-Bike,,
2023-09-24 03:38:00,638,47.421914,8.549832,Seebach ZüriMobil Station,Schaffhauserstrasse 509,8052,Zürich,True,80,Active,6,Zürich,2190.0,101978,,1.0,Bike,,
2023-09-24 03:38:00,638,47.421914,8.549832,Seebach ZüriMobil Station,Schaffhauserstrasse 509,8052,Zürich,True,80,Active,6,Zürich,1566.0,501671,70.0,2.0,E-Bike,,
2023-09-24 03:38:00,638,47.421914,8.549832,Seebach ZüriMobil Station,Schaffhauserstrasse 509,8052,Zürich,True,80,Active,6,Zürich,4770.0,500515,25.0,2.0,E-Bike,,
2023-09-24 03:38:00,638,47.421914,8.549832,Seebach ZüriMobil Station,Schaffhauserstrasse 509,8052,Zürich,True,80,Active,6,Zürich,4436.0,504001,67.0,2.0,E-Bike,,
2023-09-24 03:38:00,638,47.421914,8.549832,Seebach ZüriMobil Station,Schaffhauserstrasse 509,8052,Zürich,True,80,Active,6,Zürich,4708.0,500684,47.0,2.0,E-Bike,,
2023-09-24 03:38:00,638,47.421914,8.549832,Seebach ZüriMobil Station,Schaffhauserstrasse 509,8052,Zürich,True,80,Active,6,Zürich,4707.0,500706,50.0,2.0,E-Bike,,
2023-09-24 03:38:00,638,47.421914,8.549832,Seebach ZüriMobil Station,Schaffhauserstrasse 509,8052,Zürich,True,80,Active,6,Zürich,3529.0,500784,15.0,2.0,E-Bike,,
2023-09-24 03:38:00,638,47.421914,8.549832,Seebach ZüriMobil Station,Schaffhauserstrasse 509,8052,Zürich,True,80,Active,6,Zürich,2451.0,102571,,1.0,Bike,,
2023-09-24 03:38:00,266,47.375819,8.516676,Lochergut,Badenerstrasse 246,8004,Zürich,True,16,Active,6,Zürich,3305.0,102899,,1.0,Bike,,
2023-09-24 03:38:00,266,47.375819,8.516676,Lochergut,Badenerstrasse 246,8004,Zürich,True,16,Active,6,Zürich,2438.0,102576,,1.0,Bike,,
2023-09-24 03:38:00,266,47.375819,8.516676,Lochergut,Badenerstrasse 246,8004,Zürich,True,16,Active,6,Zürich,742.0,500281,17.0,2.0,E-Bike,,
2023-09-24 03:38:00,266,47.375819,8.516676,Lochergut,Badenerstrasse 246,8004,Zürich,True,16,Active,6,Zürich,3964.0,500844,17.0,2.0,E-Bike,,
2023-09-24 03:38:00,266,47.375819,8.516676,Lochergut,Badenerstrasse 246,8004,Zürich,True,16,Active,6,Zürich,3277.0,102855,,1.0,Bike,,
2023-09-24 03:38:00,266,47.375819,8.516676,Lochergut,Badenerstrasse 246,8004,Zürich,True,16,Active,6,Zürich,2383.0,102077,,1.0,Bike,,
2023-09-24 03:38:00,266,47.375819,8.516676,Lochergut,Badenerstrasse 246,8004,Zürich,True,16,Active,6,Zürich,3541.0,501295,71.0,2.0,E-Bike,,
2023-09-24 03:38:00,266,47.375819,8.516676,Lochergut,Badenerstrasse 246,8004,Zürich,True,16,Active,6,Zürich,1604.0,501841,91.0,2.0,E-Bike,,
2023-09-24 03:38:00,266,47.375819,8.516676,Lochergut,Badenerstrasse 246,8004,Zürich,True,16,Active,6,Zürich,3772.0,103144,,1.0,Bike,,
2023-09-24 03:38:00,266,47.375819,8.516676,Lochergut,Badenerstrasse 246,8004,Zürich,True,16,Active,6,Zürich,1829.0,102358,,1.0,Bike,,
2023-09-24 03:38:00,773,46.783152,7.155408,"Marly, chemin du Pont",Chemin du Pont,1723,Marly,True,26,Active,8,Fribourg,1869.0,500923,45.0,2.0,E-Bike,26.0,Sponsor 26
2023-09-24 03:38:00,773,46.783152,7.155408,"Marly, chemin du Pont",Chemin du Pont,1723,Marly,True,26,Active,8,Fribourg,5925.0,503979,45.0,2.0,E-Bike,26.0,Sponsor 26
2023-09-24 03:38:00,773,46.783152,7.155408,"Marly, chemin du Pont",Chemin du Pont,1723,Marly,True,26,Active,8,Fribourg,5277.0,502463,48.0,2.0,E-Bike,26.0,Sponsor 26
2023-09-24 03:38:00,773,46.783152,7.155408,"Marly, chemin du Pont",Chemin du Pont,1723,Marly,True,26,Active,8,Fribourg,4240.0,501479,57.0,2.0,E-Bike,26.0,Sponsor 26
2023-09-24 03:38:00,773,46.783152,7.155408,"Marly, chemin du Pont",Chemin du Pont,1723,Marly,True,26,Active,8,Fribourg,5700.0,504182,19.0,2.0,E-Bike,26.0,Sponsor 26
2023-09-24 03:38:00,773,46.783152,7.155408,"Marly, chemin du Pont",Chemin du Pont,1723,Marly,True,26,Active,8,Fribourg,1861.0,101762,,1.0,Bike,26.0,Sponsor 26
2023-09-24 03:38:00,773,46.783152,7.155408,"Marly, chemin du Pont",Chemin du Pont,1723,Marly,True,26,Active,8,Fribourg,4444.0,101898,,1.0,Bike,26.0,Sponsor 26
2023-09-24 03:38:00,773,46.783152,7.155408,"Marly, chemin du Pont",Chemin du Pont,1723,Marly,True,26,Active,8,Fribourg,5972.0,504030,,2.0,E-Bike,26.0,Sponsor 26
2023-09-24 03:38:00,773,46.783152,7.155408,"Marly, chemin du Pont",Chemin du Pont,1723,Marly,True,26,Active,8,Fribourg,5914.0,503851,,2.0,E-Bike,26.0,Sponsor 26
2023-09-24 03:38:00,773,46.783152,7.155408,"Marly, chemin du Pont",Chemin du Pont,1723,Marly,True,26,Active,8,Fribourg,4486.0,503000,,2.0,E-Bike,26.0,Sponsor 26
2023-09-24 03:38:00,773,46.783152,7.155408,"Marly, chemin du Pont",Chemin du Pont,1723,Marly,True,26,Active,8,Fribourg,4467.0,101890,,1.0,Bike,26.0,Sponsor 26
2023-09-24 03:38:00,773,46.783152,7.155408,"Marly, chemin du Pont",Chemin du Pont,1723,Marly,True,26,Active,8,Fribourg,1873.0,500920,36.0,2.0,E-Bike,26.0,Sponsor 26
2023-09-24 03:38:00,773,46.783152,7.155408,"Marly, chemin du Pont",Chemin du Pont,1723,Marly,True,26,Active,8,Fribourg,4293.0,104248,,1.0,Bike,26.0,Sponsor 26
2023-09-24 03:38:00,773,46.783152,7.155408,"Marly, chemin du Pont",Chemin du Pont,1723,Marly,True,26,Active,8,Fribourg,5761.0,504103,26.0,2.0,E-Bike,26.0,Sponsor 26
2023-09-24 03:38:00,849,46.51569970026471,6.499234489270572,Beausobre,Avenue de Vertou 2,1110,Morges,True,27,Active,2,Lausanne-Morges,384.0,503726,35.0,2.0,E-Bike,9.0,Sponsor 09
2023-09-24 03:38:00,849,46.51569970026471,6.499234489270572,Beausobre,Avenue de Vertou 2,1110,Morges,True,27,Active,2,Lausanne-Morges,319.0,100426,39.0,2.0,E-Bike,9.0,Sponsor 09
2023-09-24 03:38:00,849,46.51569970026471,6.499234489270572,Beausobre,Avenue de Vertou 2,1110,Morges,True,27,Active,2,Lausanne-Morges,6146.0,504260,29.0,2.0,E-Bike,9.0,Sponsor 09
2023-09-24 03:38:00,849,46.51569970026471,6.499234489270572,Beausobre,Avenue de Vertou 2,1110,Morges,True,27,Active,2,Lausanne-Morges,403.0,500011,87.0,2.0,E-Bike,9.0,Sponsor 09
2023-09-24 03:38:00,849,46.51569970026471,6.499234489270572,Beausobre,Avenue de Vertou 2,1110,Morges,True,27,Active,2,Lausanne-Morges,42.0,100414,,2.0,E-Bike,9.0,Sponsor 09
2023-09-24 03:38:00,849,46.51569970026471,6.499234489270572,Beausobre,Avenue de Vertou 2,1110,Morges,True,27,Active,2,Lausanne-Morges,360.0,500035,91.0,2.0,E-Bike,9.0,Sponsor 09
2023-09-24 03:38:00,849,46.51569970026471,6.499234489270572,Beausobre,Avenue de Vertou 2,1110,Morges,True,27,Active,2,Lausanne-Morges,325.0,100427,46.0,2.0,E-Bike,9.0,Sponsor 09
2023-09-24 03:38:00,849,46.51569970026471,6.499234489270572,Beausobre,Avenue de Vertou 2,1110,Morges,True,27,Active,2,Lausanne-Morges,6126.0,504324,89.0,2.0,E-Bike,9.0,Sponsor 09
2023-09-24 03:38:00,849,46.51569970026471,6.499234489270572,Beausobre,Avenue de Vertou 2,1110,Morges,True,27,Active,2,Lausanne-Morges,69.0,100362,,2.0,E-Bike,9.0,Sponsor 09
2023-09-24 03:38:00,849,46.51569970026471,6.499234489270572,Beausobre,Avenue de Vertou 2,1110,Morges,True,27,Active,2,Lausanne-Morges,5983.0,503816,50.0,2.0,E-Bike,9.0,Sponsor 09
2023-09-24 03:38:00,306,46.9400198,7.4317782,Eigerplatz Süd,Seftigenstrasse 1,3007,Bern,True,10,Active,5,Bern,3169.0,102713,,1.0,Bike,,
2023-09-24 03:38:00,306,46.9400198,7.4317782,Eigerplatz Süd,Seftigenstrasse 1,3007,Bern,True,10,Active,5,Bern,1505.0,101581,,1.0,Bike,,
2023-09-24 03:38:00,306,46.9400198,7.4317782,Eigerplatz Süd,Seftigenstrasse 1,3007,Bern,True,10,Active,5,Bern,4930.0,502998,78.0,2.0,E-Bike,,
2023-09-24 03:38:00,306,46.9400198,7.4317782,Eigerplatz Süd,Seftigenstrasse 1,3007,Bern,True,10,Active,5,Bern,2530.0,102438,,1.0,Bike,,
2023-09-24 03:38:00,306,46.9400198,7.4317782,Eigerplatz Süd,Seftigenstrasse 1,3007,Bern,True,10,Active,5,Bern,2570.0,501173,51.0,2.0,E-Bike,,
2023-09-24 03:38:00,306,46.9400198,7.4317782,Eigerplatz Süd,Seftigenstrasse 1,3007,Bern,True,10,Active,5,Bern,3184.0,102772,,1.0,Bike,,
2023-09-24 03:38:00,306,46.9400198,7.4317782,Eigerplatz Süd,Seftigenstrasse 1,3007,Bern,True,10,Active,5,Bern,1995.0,501866,42.0,2.0,E-Bike,,
2023-09-24 03:38:00,306,46.9400198,7.4317782,Eigerplatz Süd,Seftigenstrasse 1,3007,Bern,True,10,Active,5,Bern,1118.0,101295,,1.0,Bike,,
2023-09-24 03:38:00,441,45.989126,8.946661,Paradiso Stazione FFS,Via Carona,6900,Paradiso,True,80,Active,3,Sottoceneri (TI),5574.0,104894,,1.0,Bike,,
2023-09-24 03:38:00,441,45.989126,8.946661,Paradiso Stazione FFS,Via Carona,6900,Paradiso,True,80,Active,3,Sottoceneri (TI),5112.0,104102,,1.0,Bike,,
2023-09-24 03:38:00,441,45.989126,8.946661,Paradiso Stazione FFS,Via Carona,6900,Paradiso,True,80,Active,3,Sottoceneri (TI),160.0,100177,,1.0,Bike,,
2023-09-24 03:38:00,441,45.989126,8.946661,Paradiso Stazione FFS,Via Carona,6900,Paradiso,True,80,Active,3,Sottoceneri (TI),5646.0,104808,,1.0,Bike,,
2023-09-24 03:38:00,441,45.989126,8.946661,Paradiso Stazione FFS,Via Carona,6900,Paradiso,True,80,Active,3,Sottoceneri (TI),1333.0,101141,,1.0,Bike,,
2023-09-24 03:38:00,85,47.3716661,8.5235479,Bahnhof Wiedikon,Birmensdorferstrasse 80,8003,Zürich,True,38,Active,6,Zürich,692.0,101212,,1.0,Bike,,
2023-09-24 03:38:00,85,47.3716661,8.5235479,Bahnhof Wiedikon,Birmensdorferstrasse 80,8003,Zürich,True,38,Active,6,Zürich,3242.0,102274,,1.0,Bike,,
2023-09-24 03:38:00,85,47.3716661,8.5235479,Bahnhof Wiedikon,Birmensdorferstrasse 80,8003,Zürich,True,38,Active,6,Zürich,2940.0,102684,,1.0,Bike,,
2023-09-24 03:38:00,85,47.3716661,8.5235479,Bahnhof Wiedikon,Birmensdorferstrasse 80,8003,Zürich,True,38,Active,6,Zürich,2391.0,102539,,1.0,Bike,,
2023-09-24 03:38:00,85,47.3716661,8.5235479,Bahnhof Wiedikon,Birmensdorferstrasse 80,8003,Zürich,True,38,Active,6,Zürich,2945.0,102683,,1.0,Bike,,
2023-09-24 03:38:00,854,46.514863230694175,6.658812113086054,Gare de Pully nord,Chem. du Montillier 9,1009,Pully,True,27,Active,2,Lausanne-Morges,6072.0,104119,,1.0,Bike,,
2023-09-24 03:38:00,854,46.514863230694175,6.658812113086054,Gare de Pully nord,Chem. du Montillier 9,1009,Pully,True,27,Active,2,Lausanne-Morges,78.0,100126,,1.0,Bike,,
2023-09-24 03:38:00,548,46.944243,7.399437,Stöckacker Migros,Bethlehemstrasse 106,3018,Bern,True,26,Active,5,Bern,4584.0,104084,,1.0,Bike,,
2023-09-24 03:38:00,548,46.944243,7.399437,Stöckacker Migros,Bethlehemstrasse 106,3018,Bern,True,26,Active,5,Bern,2100.0,101810,,1.0,Bike,,
2023-09-24 03:38:00,548,46.944243,7.399437,Stöckacker Migros,Bethlehemstrasse 106,3018,Bern,True,26,Active,5,Bern,2967.0,102119,,1.0,Bike,,
2023-09-24 03:38:00,324,46.94588,7.41549,Schenkstrasse,Huberstrasse 2,3008,Bern,True,10,Active,5,Bern,3002.0,102435,,1.0,Bike,,
2023-09-24 03:38:00,324,46.94588,7.41549,Schenkstrasse,Huberstrasse 2,3008,Bern,True,10,Active,5,Bern,2773.0,501351,84.0,2.0,E-Bike,,
2023-09-24 03:38:00,324,46.94588,7.41549,Schenkstrasse,Huberstrasse 2,3008,Bern,True,10,Active,5,Bern,4610.0,503072,91.0,2.0,E-Bike,,
2023-09-24 03:38:00,324,46.94588,7.41549,Schenkstrasse,Huberstrasse 2,3008,Bern,True,10,Active,5,Bern,4590.0,104087,,1.0,Bike,,
2023-09-24 03:38:00,324,46.94588,7.41549,Schenkstrasse,Huberstrasse 2,3008,Bern,True,10,Active,5,Bern,1207.0,101537,,1.0,Bike,,
2023-09-24 03:38:00,324,46.94588,7.41549,Schenkstrasse,Huberstrasse 2,3008,Bern,True,10,Active,5,Bern,2004.0,501822,70.0,2.0,E-Bike,,
2023-09-24 03:38:00,324,46.94588,7.41549,Schenkstrasse,Huberstrasse 2,3008,Bern,True,10,Active,5,Bern,3147.0,102699,,1.0,Bike,,
2023-09-24 03:38:00,324,46.94588,7.41549,Schenkstrasse,Huberstrasse 2,3008,Bern,True,10,Active,5,Bern,3238.0,102293,,1.0,Bike,,
2023-09-24 03:38:00,324,46.94588,7.41549,Schenkstrasse,Huberstrasse 2,3008,Bern,True,10,Active,5,Bern,3012.0,102122,,1.0,Bike,,
2023-09-24 03:38:00,324,46.94588,7.41549,Schenkstrasse,Huberstrasse 2,3008,Bern,True,10,Active,5,Bern,3993.0,103313,,1.0,Bike,,
2023-09-24 03:38:00,324,46.94588,7.41549,Schenkstrasse,Huberstrasse 2,3008,Bern,True,10,Active,5,Bern,2332.0,102445,,1.0,Bike,,
2023-09-24 03:38:00,324,46.94588,7.41549,Schenkstrasse,Huberstrasse 2,3008,Bern,True,10,Active,5,Bern,4102.0,500627,80.0,2.0,E-Bike,,
2023-09-24 03:38:00,324,46.94588,7.41549,Schenkstrasse,Huberstrasse 2,3008,Bern,True,10,Active,5,Bern,3166.0,102202,,1.0,Bike,,
2023-09-24 03:38:00,324,46.94588,7.41549,Schenkstrasse,Huberstrasse 2,3008,Bern,True,10,Active,5,Bern,1661.0,502654,43.0,2.0,E-Bike,,
2023-09-24 03:38:00,324,46.94588,7.41549,Schenkstrasse,Huberstrasse 2,3008,Bern,True,10,Active,5,Bern,2244.0,102029,,1.0,Bike,,
2023-09-24 03:38:00,324,46.94588,7.41549,Schenkstrasse,Huberstrasse 2,3008,Bern,True,10,Active,5,Bern,4095.0,500871,88.0,2.0,E-Bike,,
2023-09-24 03:38:00,324,46.94588,7.41549,Schenkstrasse,Huberstrasse 2,3008,Bern,True,10,Active,5,Bern,2292.0,102452,,1.0,Bike,,
2023-09-24 03:38:00,324,46.94588,7.41549,Schenkstrasse,Huberstrasse 2,3008,Bern,True,10,Active,5,Bern,1490.0,101609,,1.0,Bike,,
2023-09-24 03:38:00,324,46.94588,7.41549,Schenkstrasse,Huberstrasse 2,3008,Bern,True,10,Active,5,Bern,3470.0,503838,47.0,2.0,E-Bike,,
2023-09-24 03:38:00,324,46.94588,7.41549,Schenkstrasse,Huberstrasse 2,3008,Bern,True,10,Active,5,Bern,2502.0,501612,83.0,2.0,E-Bike,,
2023-09-24 03:38:00,324,46.94588,7.41549,Schenkstrasse,Huberstrasse 2,3008,Bern,True,10,Active,5,Bern,3628.0,102982,,1.0,Bike,,
2023-09-24 03:38:00,271,46.947856328360984,7.436903989490435,PostParc Velostation (06:00-22:00)- INSIDE the building!,Schanzenstrasse 5,3008,Bern,True,26,Active,5,Bern,1982.0,501868,29.0,2.0,E-Bike,,
2023-09-24 03:38:00,271,46.947856328360984,7.436903989490435,PostParc Velostation (06:00-22:00)- INSIDE the building!,Schanzenstrasse 5,3008,Bern,True,26,Active,5,Bern,1991.0,500438,63.0,2.0,E-Bike,,
2023-09-24 03:38:00,271,46.947856328360984,7.436903989490435,PostParc Velostation (06:00-22:00)- INSIDE the building!,Schanzenstrasse 5,3008,Bern,True,26,Active,5,Bern,2142.0,101941,,1.0,Bike,,
2023-09-24 03:38:00,271,46.947856328360984,7.436903989490435,PostParc Velostation (06:00-22:00)- INSIDE the building!,Schanzenstrasse 5,3008,Bern,True,26,Active,5,Bern,3791.0,103178,,1.0,Bike,,
2023-09-24 03:38:00,271,46.947856328360984,7.436903989490435,PostParc Velostation (06:00-22:00)- INSIDE the building!,Schanzenstrasse 5,3008,Bern,True,26,Active,5,Bern,3635.0,504467,48.0,2.0,E-Bike,,
2023-09-24 03:38:00,271,46.947856328360984,7.436903989490435,PostParc Velostation (06:00-22:00)- INSIDE the building!,Schanzenstrasse 5,3008,Bern,True,26,Active,5,Bern,4589.0,104297,,1.0,Bike,,
2023-09-24 03:38:00,271,46.947856328360984,7.436903989490435,PostParc Velostation (06:00-22:00)- INSIDE the building!,Schanzenstrasse 5,3008,Bern,True,26,Active,5,Bern,3021.0,102337,,1.0,Bike,,
2023-09-24 03:38:00,271,46.947856328360984,7.436903989490435,PostParc Velostation (06:00-22:00)- INSIDE the building!,Schanzenstrasse 5,3008,Bern,True,26,Active,5,Bern,4963.0,502550,99.0,2.0,E-Bike,,
2023-09-24 03:38:00,271,46.947856328360984,7.436903989490435,PostParc Velostation (06:00-22:00)- INSIDE the building!,Schanzenstrasse 5,3008,Bern,True,26,Active,5,Bern,1172.0,500469,70.0,2.0,E-Bike,,
2023-09-24 03:38:00,271,46.947856328360984,7.436903989490435,PostParc Velostation (06:00-22:00)- INSIDE the building!,Schanzenstrasse 5,3008,Bern,True,26,Active,5,Bern,966.0,101507,,1.0,Bike,,
2023-09-24 03:38:00,271,46.947856328360984,7.436903989490435,PostParc Velostation (06:00-22:00)- INSIDE the building!,Schanzenstrasse 5,3008,Bern,True,26,Active,5,Bern,2108.0,101814,,1.0,Bike,,
2023-09-24 03:38:00,271,46.947856328360984,7.436903989490435,PostParc Velostation (06:00-22:00)- INSIDE the building!,Schanzenstrasse 5,3008,Bern,True,26,Active,5,Bern,4940.0,502982,96.0,2.0,E-Bike,,
2023-09-24 03:38:00,271,46.947856328360984,7.436903989490435,PostParc Velostation (06:00-22:00)- INSIDE the building!,Schanzenstrasse 5,3008,Bern,True,26,Active,5,Bern,4324.0,503841,96.0,2.0,E-Bike,,
2023-09-24 03:38:00,271,46.947856328360984,7.436903989490435,PostParc Velostation (06:00-22:00)- INSIDE the building!,Schanzenstrasse 5,3008,Bern,True,26,Active,5,Bern,2321.0,102466,,1.0,Bike,,
2023-09-24 03:38:00,271,46.947856328360984,7.436903989490435,PostParc Velostation (06:00-22:00)- INSIDE the building!,Schanzenstrasse 5,3008,Bern,True,26,Active,5,Bern,2149.0,101954,,1.0,Bike,,
2023-09-24 03:38:00,271,46.947856328360984,7.436903989490435,PostParc Velostation (06:00-22:00)- INSIDE the building!,Schanzenstrasse 5,3008,Bern,True,26,Active,5,Bern,2513.0,501162,90.0,2.0,E-Bike,,
2023-09-24 03:38:00,271,46.947856328360984,7.436903989490435,PostParc Velostation (06:00-22:00)- INSIDE the building!,Schanzenstrasse 5,3008,Bern,True,26,Active,5,Bern,3187.0,102774,,1.0,Bike,,
2023-09-24 03:38:00,271,46.947856328360984,7.436903989490435,PostParc Velostation (06:00-22:00)- INSIDE the building!,Schanzenstrasse 5,3008,Bern,True,26,Active,5,Bern,1097.0,101361,,1.0,Bike,,
2023-09-24 03:38:00,271,46.947856328360984,7.436903989490435,PostParc Velostation (06:00-22:00)- INSIDE the building!,Schanzenstrasse 5,3008,Bern,True,26,Active,5,Bern,1358.0,501869,99.0,2.0,E-Bike,,
2023-09-24 03:38:00,271,46.947856328360984,7.436903989490435,PostParc Velostation (06:00-22:00)- INSIDE the building!,Schanzenstrasse 5,3008,Bern,True,26,Active,5,Bern,3198.0,102770,,1.0,Bike,,
2023-09-24 03:38:00,271,46.947856328360984,7.436903989490435,PostParc Velostation (06:00-22:00)- INSIDE the building!,Schanzenstrasse 5,3008,Bern,True,26,Active,5,Bern,2954.0,101842,,1.0,Bike,,
2023-09-24 03:38:00,271,46.947856328360984,7.436903989490435,PostParc Velostation (06:00-22:00)- INSIDE the building!,Schanzenstrasse 5,3008,Bern,True,26,Active,5,Bern,4613.0,503069,79.0,2.0,E-Bike,,
2023-09-24 03:38:00,271,46.947856328360984,7.436903989490435,PostParc Velostation (06:00-22:00)- INSIDE the building!,Schanzenstrasse 5,3008,Bern,True,26,Active,5,Bern,2728.0,101968,,1.0,Bike,,
2023-09-24 03:38:00,271,46.947856328360984,7.436903989490435,PostParc Velostation (06:00-22:00)- INSIDE the building!,Schanzenstrasse 5,3008,Bern,True,26,Active,5,Bern,4141.0,500634,97.0,2.0,E-Bike,,
2023-09-24 03:38:00,271,46.947856328360984,7.436903989490435,PostParc Velostation (06:00-22:00)- INSIDE the building!,Schanzenstrasse 5,3008,Bern,True,26,Active,5,Bern,1674.0,501683,67.0,2.0,E-Bike,,
2023-09-24 03:38:00,271,46.947856328360984,7.436903989490435,PostParc Velostation (06:00-22:00)- INSIDE the building!,Schanzenstrasse 5,3008,Bern,True,26,Active,5,Bern,2589.0,102088,,1.0,Bike,,
2023-09-24 03:38:00,271,46.947856328360984,7.436903989490435,PostParc Velostation (06:00-22:00)- INSIDE the building!,Schanzenstrasse 5,3008,Bern,True,26,Active,5,Bern,4574.0,103315,,1.0,Bike,,
2023-09-24 03:38:00,271,46.947856328360984,7.436903989490435,PostParc Velostation (06:00-22:00)- INSIDE the building!,Schanzenstrasse 5,3008,Bern,True,26,Active,5,Bern,6223.0,503912,93.0,2.0,E-Bike,,
2023-09-24 03:38:00,271,46.947856328360984,7.436903989490435,PostParc Velostation (06:00-22:00)- INSIDE the building!,Schanzenstrasse 5,3008,Bern,True,26,Active,5,Bern,2800.0,501363,75.0,2.0,E-Bike,,
2023-09-24 03:38:00,271,46.947856328360984,7.436903989490435,PostParc Velostation (06:00-22:00)- INSIDE the building!,Schanzenstrasse 5,3008,Bern,True,26,Active,5,Bern,3734.0,103109,,1.0,Bike,,
2023-09-24 03:38:00,271,46.947856328360984,7.436903989490435,PostParc Velostation (06:00-22:00)- INSIDE the building!,Schanzenstrasse 5,3008,Bern,True,26,Active,5,Bern,4525.0,104291,,1.0,Bike,,
2023-09-24 03:38:00,271,46.947856328360984,7.436903989490435,PostParc Velostation (06:00-22:00)- INSIDE the building!,Schanzenstrasse 5,3008,Bern,True,26,Active,5,Bern,4078.0,500615,92.0,2.0,E-Bike,,
2023-09-24 03:38:00,271,46.947856328360984,7.436903989490435,PostParc Velostation (06:00-22:00)- INSIDE the building!,Schanzenstrasse 5,3008,Bern,True,26,Active,5,Bern,4904.0,502584,50.0,2.0,E-Bike,,
2023-09-24 03:38:00,271,46.947856328360984,7.436903989490435,PostParc Velostation (06:00-22:00)- INSIDE the building!,Schanzenstrasse 5,3008,Bern,True,26,Active,5,Bern,1378.0,501892,80.0,2.0,E-Bike,,
2023-09-24 03:38:00,271,46.947856328360984,7.436903989490435,PostParc Velostation (06:00-22:00)- INSIDE the building!,Schanzenstrasse 5,3008,Bern,True,26,Active,5,Bern,4951.0,503471,41.0,2.0,E-Bike,,
2023-09-24 03:38:00,271,46.947856328360984,7.436903989490435,PostParc Velostation (06:00-22:00)- INSIDE the building!,Schanzenstrasse 5,3008,Bern,True,26,Active,5,Bern,2371.0,501326,91.0,2.0,E-Bike,,
2023-09-24 03:38:00,271,46.947856328360984,7.436903989490435,PostParc Velostation (06:00-22:00)- INSIDE the building!,Schanzenstrasse 5,3008,Bern,True,26,Active,5,Bern,4965.0,502565,94.0,2.0,E-Bike,,
2023-09-24 03:38:00,271,46.947856328360984,7.436903989490435,PostParc Velostation (06:00-22:00)- INSIDE the building!,Schanzenstrasse 5,3008,Bern,True,26,Active,5,Bern,4153.0,500647,41.0,2.0,E-Bike,,
2023-09-24 03:38:00,525,47.400393,8.622367,Bahnhof Dübendorf,Bettlistrasse 1,8600,Dübendorf,True,16,Active,6,Zürich,2648.0,501411,26.0,2.0,E-Bike,,
2023-09-24 03:38:00,525,47.400393,8.622367,Bahnhof Dübendorf,Bettlistrasse 1,8600,Dübendorf,True,16,Active,6,Zürich,4644.0,503107,23.0,2.0,E-Bike,,
2023-09-24 03:38:00,525,47.400393,8.622367,Bahnhof Dübendorf,Bettlistrasse 1,8600,Dübendorf,True,16,Active,6,Zürich,2809.0,503661,32.0,2.0,E-Bike,,
2023-09-24 03:38:00,525,47.400393,8.622367,Bahnhof Dübendorf,Bettlistrasse 1,8600,Dübendorf,True,16,Active,6,Zürich,3519.0,500832,10.0,2.0,E-Bike,,
2023-09-24 03:38:00,525,47.400393,8.622367,Bahnhof Dübendorf,Bettlistrasse 1,8600,Dübendorf,True,16,Active,6,Zürich,4663.0,500680,71.0,2.0,E-Bike,,
2023-09-24 03:38:00,525,47.400393,8.622367,Bahnhof Dübendorf,Bettlistrasse 1,8600,Dübendorf,True,16,Active,6,Zürich,3748.0,103131,,1.0,Bike,,
2023-09-24 03:38:00,525,47.400393,8.622367,Bahnhof Dübendorf,Bettlistrasse 1,8600,Dübendorf,True,16,Active,6,Zürich,618.0,101465,,1.0,Bike,,
2023-09-24 03:38:00,669,46.99202428819717,7.457368930354201,Unterzollikofen Bahnhof,Lätternweg 6,3052,Zollikofen,True,80,Active,5,Bern,6213.0,504091,87.0,2.0,E-Bike,,
2023-09-24 03:38:00,669,46.99202428819717,7.457368930354201,Unterzollikofen Bahnhof,Lätternweg 6,3052,Zollikofen,True,80,Active,5,Bern,4577.0,104008,,1.0,Bike,,
2023-09-24 03:38:00,669,46.99202428819717,7.457368930354201,Unterzollikofen Bahnhof,Lätternweg 6,3052,Zollikofen,True,80,Active,5,Bern,2294.0,102442,,1.0,Bike,,
2023-09-24 03:38:00,669,46.99202428819717,7.457368930354201,Unterzollikofen Bahnhof,Lätternweg 6,3052,Zollikofen,True,80,Active,5,Bern,2315.0,102481,,1.0,Bike,,
2023-09-24 03:38:00,669,46.99202428819717,7.457368930354201,Unterzollikofen Bahnhof,Lätternweg 6,3052,Zollikofen,True,80,Active,5,Bern,2956.0,102161,,1.0,Bike,,
2023-09-24 03:38:00,669,46.99202428819717,7.457368930354201,Unterzollikofen Bahnhof,Lätternweg 6,3052,Zollikofen,True,80,Active,5,Bern,1448.0,501778,64.0,2.0,E-Bike,,
2023-09-24 03:38:00,669,46.99202428819717,7.457368930354201,Unterzollikofen Bahnhof,Lätternweg 6,3052,Zollikofen,True,80,Active,5,Bern,1086.0,101309,,1.0,Bike,,
2023-09-24 03:38:00,814,46.96629170335004,7.48318298315503,UPD Restaurant,UPD Bern,3000,Bern,True,80,Active (empty),5,Bern,,,,,,,
2023-09-24 03:38:00,676,46.9461220614124,7.475815366515189,Schöngrün-Vermont,Weltistrasse 40,3006,Bern,True,80,Active,5,Bern,3474.0,502150,69.0,2.0,E-Bike,,
2023-09-24 03:38:00,676,46.9461220614124,7.475815366515189,Schöngrün-Vermont,Weltistrasse 40,3006,Bern,True,80,Active,5,Bern,1144.0,503479,75.0,2.0,E-Bike,,
2023-09-24 03:38:00,300,46.9371912,7.4360892,Wander,Weissenbühlweg 36,3007,Bern,True,10,Active,5,Bern,1362.0,501884,79.0,2.0,E-Bike,,
2023-09-24 03:38:00,300,46.9371912,7.4360892,Wander,Weissenbühlweg 36,3007,Bern,True,10,Active,5,Bern,1040.0,500375,30.0,2.0,E-Bike,,
2023-09-24 03:38:00,300,46.9371912,7.4360892,Wander,Weissenbühlweg 36,3007,Bern,True,10,Active,5,Bern,4144.0,500629,77.0,2.0,E-Bike,,
2023-09-24 03:38:00,300,46.9371912,7.4360892,Wander,Weissenbühlweg 36,3007,Bern,True,10,Active,5,Bern,3023.0,101850,,1.0,Bike,,
2023-09-24 03:38:00,300,46.9371912,7.4360892,Wander,Weissenbühlweg 36,3007,Bern,True,10,Active,5,Bern,3795.0,103190,,1.0,Bike,,
2023-09-24 03:38:00,300,46.9371912,7.4360892,Wander,Weissenbühlweg 36,3007,Bern,True,10,Active,5,Bern,4894.0,502974,47.0,2.0,E-Bike,,
2023-09-24 03:38:00,231,46.9524539,7.4354213,Hallerstrasse,Hallerstrasse 9,3012,Bern,True,10,Active,5,Bern,2764.0,101984,,1.0,Bike,,
2023-09-24 03:38:00,273,47.389862,8.514605,Westpark,Pfingstweidstrasse 60,8005,Zürich,True,16,Active,6,Zürich,3746.0,105039,,1.0,Bike,,
2023-09-24 03:38:00,273,47.389862,8.514605,Westpark,Pfingstweidstrasse 60,8005,Zürich,True,16,Active,6,Zürich,478.0,101269,,1.0,Bike,,
2023-09-24 03:38:00,627,45.999094,8.945139,via Maraini,via Clemente Maraini 12,6900,Lugano,True,80,Active,3,Sottoceneri (TI),5230.0,502821,92.0,2.0,E-Bike,,
2023-09-24 03:38:00,627,45.999094,8.945139,via Maraini,via Clemente Maraini 12,6900,Lugano,True,80,Active,3,Sottoceneri (TI),5028.0,502833,13.0,2.0,E-Bike,,
2023-09-24 03:38:00,627,45.999094,8.945139,via Maraini,via Clemente Maraini 12,6900,Lugano,True,80,Active,3,Sottoceneri (TI),5624.0,105131,,1.0,Bike,,
2023-09-24 03:38:00,723,45.854907,8.943853,Stabio Via Luvee,Via Luvee,6855,Stabio,True,16,Active,3,Sottoceneri (TI),1725.0,501623,89.0,2.0,E-Bike,,
2023-09-24 03:38:00,723,45.854907,8.943853,Stabio Via Luvee,Via Luvee,6855,Stabio,True,16,Active,3,Sottoceneri (TI),5623.0,104062,,1.0,Bike,,
2023-09-24 03:38:00,723,45.854907,8.943853,Stabio Via Luvee,Via Luvee,6855,Stabio,True,16,Active,3,Sottoceneri (TI),4077.0,102934,,1.0,Bike,,
2023-09-24 03:38:00,723,45.854907,8.943853,Stabio Via Luvee,Via Luvee,6855,Stabio,True,16,Active,3,Sottoceneri (TI),5106.0,104111,,1.0,Bike,,
2023-09-24 03:38:00,723,45.854907,8.943853,Stabio Via Luvee,Via Luvee,6855,Stabio,True,16,Active,3,Sottoceneri (TI),5407.0,503693,90.0,2.0,E-Bike,,
2023-09-24 03:38:00,723,45.854907,8.943853,Stabio Via Luvee,Via Luvee,6855,Stabio,True,16,Active,3,Sottoceneri (TI),1774.0,501305,85.0,2.0,E-Bike,,
2023-09-24 03:38:00,725,45.90587981635428,8.972694428589046,Riva San Vitale - Posteggio Piazzale a Lago,Via al Lido,6826,Riva San Vitale,True,21,Active,3,Sottoceneri (TI),1307.0,101142,,1.0,Bike,,
2023-09-24 03:38:00,725,45.90587981635428,8.972694428589046,Riva San Vitale - Posteggio Piazzale a Lago,Via al Lido,6826,Riva San Vitale,True,21,Active,3,Sottoceneri (TI),5108.0,104055,,1.0,Bike,,
2023-09-24 03:38:00,725,45.90587981635428,8.972694428589046,Riva San Vitale - Posteggio Piazzale a Lago,Via al Lido,6826,Riva San Vitale,True,21,Active,3,Sottoceneri (TI),174.0,100187,,1.0,Bike,,
2023-09-24 03:38:00,725,45.90587981635428,8.972694428589046,Riva San Vitale - Posteggio Piazzale a Lago,Via al Lido,6826,Riva San Vitale,True,21,Active,3,Sottoceneri (TI),5173.0,503868,33.0,2.0,E-Bike,,
2023-09-24 03:38:00,725,45.90587981635428,8.972694428589046,Riva San Vitale - Posteggio Piazzale a Lago,Via al Lido,6826,Riva San Vitale,True,21,Active,3,Sottoceneri (TI),115.0,100166,93.0,2.0,E-Bike,,
2023-09-24 03:38:00,725,45.90587981635428,8.972694428589046,Riva San Vitale - Posteggio Piazzale a Lago,Via al Lido,6826,Riva San Vitale,True,21,Active,3,Sottoceneri (TI),1782.0,501306,92.0,2.0,E-Bike,,
2023-09-24 03:38:00,725,45.90587981635428,8.972694428589046,Riva San Vitale - Posteggio Piazzale a Lago,Via al Lido,6826,Riva San Vitale,True,21,Active,3,Sottoceneri (TI),4071.0,102944,,1.0,Bike,,
2023-09-24 03:38:00,725,45.90587981635428,8.972694428589046,Riva San Vitale - Posteggio Piazzale a Lago,Via al Lido,6826,Riva San Vitale,True,21,Active,3,Sottoceneri (TI),5556.0,105155,,1.0,Bike,,
2023-09-24 03:38:00,154,47.372329,8.52714,Werd,Werdstrasse 75,8004,Zürich,True,26,Active,6,Zürich,3282.0,102895,,1.0,Bike,,
2023-09-24 03:38:00,154,47.372329,8.52714,Werd,Werdstrasse 75,8004,Zürich,True,26,Active,6,Zürich,3555.0,501297,34.0,2.0,E-Bike,,
2023-09-24 03:38:00,154,47.372329,8.52714,Werd,Werdstrasse 75,8004,Zürich,True,26,Active,6,Zürich,3768.0,103132,,1.0,Bike,,
2023-09-24 03:38:00,154,47.372329,8.52714,Werd,Werdstrasse 75,8004,Zürich,True,26,Active,6,Zürich,4387.0,503227,17.0,2.0,E-Bike,,
2023-09-24 03:38:00,154,47.372329,8.52714,Werd,Werdstrasse 75,8004,Zürich,True,26,Active,6,Zürich,2844.0,501544,36.0,2.0,E-Bike,,
2023-09-24 03:38:00,494,45.970318,8.88374,Caslano Piazza Lago,Piazza Lago,6987,Caslano,True,80,Active,3,Sottoceneri (TI),5491.0,503625,73.0,2.0,E-Bike,,
2023-09-24 03:38:00,494,45.970318,8.88374,Caslano Piazza Lago,Piazza Lago,6987,Caslano,True,80,Active,3,Sottoceneri (TI),167.0,100195,,1.0,Bike,,
2023-09-24 03:38:00,494,45.970318,8.88374,Caslano Piazza Lago,Piazza Lago,6987,Caslano,True,80,Active,3,Sottoceneri (TI),5488.0,104530,,1.0,Bike,,
2023-09-24 03:38:00,494,45.970318,8.88374,Caslano Piazza Lago,Piazza Lago,6987,Caslano,True,80,Active,3,Sottoceneri (TI),6110.0,503901,83.0,2.0,E-Bike,,
2023-09-24 03:38:00,494,45.970318,8.88374,Caslano Piazza Lago,Piazza Lago,6987,Caslano,True,80,Active,3,Sottoceneri (TI),4202.0,101903,,1.0,Bike,,
2023-09-24 03:38:00,494,45.970318,8.88374,Caslano Piazza Lago,Piazza Lago,6987,Caslano,True,80,Active,3,Sottoceneri (TI),5428.0,503577,61.0,2.0,E-Bike,,
2023-09-24 03:38:00,494,45.970318,8.88374,Caslano Piazza Lago,Piazza Lago,6987,Caslano,True,80,Active,3,Sottoceneri (TI),5387.0,104687,,1.0,Bike,,
2023-09-24 03:38:00,494,45.970318,8.88374,Caslano Piazza Lago,Piazza Lago,6987,Caslano,True,80,Active,3,Sottoceneri (TI),5662.0,502928,74.0,2.0,E-Bike,,
2023-09-24 03:38:00,50,45.984764,8.932378,Fornaci,Via Pian Scairolo 9,6912,Pazzallo,True,18,Active,3,Sottoceneri (TI),1752.0,101734,,1.0,Bike,,
2023-09-24 03:38:00,50,45.984764,8.932378,Fornaci,Via Pian Scairolo 9,6912,Pazzallo,True,18,Active,3,Sottoceneri (TI),6112.0,105125,,1.0,Bike,,
2023-09-24 03:38:00,50,45.984764,8.932378,Fornaci,Via Pian Scairolo 9,6912,Pazzallo,True,18,Active,3,Sottoceneri (TI),5103.0,104116,,1.0,Bike,,
2023-09-24 03:38:00,661,47.36910680440694,8.541427242856333,Stadthaus,Kappelergasse,8001,Zürich,True,80,Active,6,Zürich,3039.0,104660,,1.0,Bike,,
2023-09-24 03:38:00,661,47.36910680440694,8.541427242856333,Stadthaus,Kappelergasse,8001,Zürich,True,80,Active,6,Zürich,2920.0,101993,,1.0,Bike,,
2023-09-24 03:38:00,661,47.36910680440694,8.541427242856333,Stadthaus,Kappelergasse,8001,Zürich,True,80,Active,6,Zürich,2191.0,102407,,1.0,Bike,,
2023-09-24 03:38:00,661,47.36910680440694,8.541427242856333,Stadthaus,Kappelergasse,8001,Zürich,True,80,Active,6,Zürich,558.0,101400,,1.0,Bike,,
2023-09-24 03:38:00,661,47.36910680440694,8.541427242856333,Stadthaus,Kappelergasse,8001,Zürich,True,80,Active,6,Zürich,2427.0,102585,,1.0,Bike,,
2023-09-24 03:38:00,661,47.36910680440694,8.541427242856333,Stadthaus,Kappelergasse,8001,Zürich,True,80,Active,6,Zürich,3825.0,103185,,1.0,Bike,,
2023-09-24 03:38:00,661,47.36910680440694,8.541427242856333,Stadthaus,Kappelergasse,8001,Zürich,True,80,Active,6,Zürich,3281.0,102890,,1.0,Bike,,
2023-09-24 03:38:00,661,47.36910680440694,8.541427242856333,Stadthaus,Kappelergasse,8001,Zürich,True,80,Active,6,Zürich,506.0,101231,,1.0,Bike,,
2023-09-24 03:38:00,565,47.381149,8.532405,Zollstrasse,Neugasse 6,8005,Zürich,True,19,Active,6,Zürich,509.0,102277,,1.0,Bike,,
2023-09-24 03:38:00,565,47.381149,8.532405,Zollstrasse,Neugasse 6,8005,Zürich,True,19,Active,6,Zürich,2899.0,102230,,1.0,Bike,,
2023-09-24 03:38:00,565,47.381149,8.532405,Zollstrasse,Neugasse 6,8005,Zürich,True,19,Active,6,Zürich,2223.0,101795,,1.0,Bike,,
2023-09-24 03:38:00,565,47.381149,8.532405,Zollstrasse,Neugasse 6,8005,Zürich,True,19,Active,6,Zürich,3702.0,103060,,1.0,Bike,,
2023-09-24 03:38:00,565,47.381149,8.532405,Zollstrasse,Neugasse 6,8005,Zürich,True,19,Active,6,Zürich,569.0,101563,,1.0,Bike,,
2023-09-24 03:38:00,565,47.381149,8.532405,Zollstrasse,Neugasse 6,8005,Zürich,True,19,Active,6,Zürich,484.0,101177,,1.0,Bike,,
2023-09-24 03:38:00,565,47.381149,8.532405,Zollstrasse,Neugasse 6,8005,Zürich,True,19,Active,6,Zürich,3821.0,103227,,1.0,Bike,,
2023-09-24 03:38:00,565,47.381149,8.532405,Zollstrasse,Neugasse 6,8005,Zürich,True,19,Active,6,Zürich,2892.0,102674,,1.0,Bike,,
2023-09-24 03:38:00,565,47.381149,8.532405,Zollstrasse,Neugasse 6,8005,Zürich,True,19,Active,6,Zürich,2418.0,101342,,1.0,Bike,,
2023-09-24 03:38:00,565,47.381149,8.532405,Zollstrasse,Neugasse 6,8005,Zürich,True,19,Active,6,Zürich,470.0,101149,,1.0,Bike,,
2023-09-24 03:38:00,565,47.381149,8.532405,Zollstrasse,Neugasse 6,8005,Zürich,True,19,Active,6,Zürich,3060.0,102348,,1.0,Bike,,
2023-09-24 03:38:00,565,47.381149,8.532405,Zollstrasse,Neugasse 6,8005,Zürich,True,19,Active,6,Zürich,3095.0,102816,,1.0,Bike,,
2023-09-24 03:38:00,565,47.381149,8.532405,Zollstrasse,Neugasse 6,8005,Zürich,True,19,Active,6,Zürich,3962.0,500813,19.0,2.0,E-Bike,,
2023-09-24 03:38:00,565,47.381149,8.532405,Zollstrasse,Neugasse 6,8005,Zürich,True,19,Active,6,Zürich,600.0,101429,,1.0,Bike,,
2023-09-24 03:38:00,124,47.371886,8.520729,ERSATZSTANDORT vor der Weststrasse 96: Weststrasse,Weststrasse 115,8003,Zürich,True,22,Active,6,Zürich,3267.0,102687,,1.0,Bike,,
2023-09-24 03:38:00,124,47.371886,8.520729,ERSATZSTANDORT vor der Weststrasse 96: Weststrasse,Weststrasse 115,8003,Zürich,True,22,Active,6,Zürich,2433.0,102581,,1.0,Bike,,
2023-09-24 03:38:00,124,47.371886,8.520729,ERSATZSTANDORT vor der Weststrasse 96: Weststrasse,Weststrasse 115,8003,Zürich,True,22,Active,6,Zürich,2204.0,102429,,1.0,Bike,,
2023-09-24 03:38:00,124,47.371886,8.520729,ERSATZSTANDORT vor der Weststrasse 96: Weststrasse,Weststrasse 115,8003,Zürich,True,22,Active,6,Zürich,1570.0,101654,,1.0,Bike,,
2023-09-24 03:38:00,124,47.371886,8.520729,ERSATZSTANDORT vor der Weststrasse 96: Weststrasse,Weststrasse 115,8003,Zürich,True,22,Active,6,Zürich,3042.0,104656,,1.0,Bike,,
2023-09-24 03:38:00,124,47.371886,8.520729,ERSATZSTANDORT vor der Weststrasse 96: Weststrasse,Weststrasse 115,8003,Zürich,True,22,Active,6,Zürich,752.0,500193,24.0,2.0,E-Bike,,
2023-09-24 03:38:00,124,47.371886,8.520729,ERSATZSTANDORT vor der Weststrasse 96: Weststrasse,Weststrasse 115,8003,Zürich,True,22,Active,6,Zürich,4834.0,500569,13.0,2.0,E-Bike,,
2023-09-24 03:38:00,124,47.371886,8.520729,ERSATZSTANDORT vor der Weststrasse 96: Weststrasse,Weststrasse 115,8003,Zürich,True,22,Active,6,Zürich,3761.0,103126,,1.0,Bike,,
2023-09-24 03:38:00,124,47.371886,8.520729,ERSATZSTANDORT vor der Weststrasse 96: Weststrasse,Weststrasse 115,8003,Zürich,True,22,Active,6,Zürich,2630.0,501022,62.0,2.0,E-Bike,,
2023-09-24 03:38:00,296,46.9439259,7.3853056,Stapfenacker,Brünnenstrasse 61,3018,Bern,True,10,Active,5,Bern,3902.0,500773,79.0,2.0,E-Bike,,
2023-09-24 03:38:00,296,46.9439259,7.3853056,Stapfenacker,Brünnenstrasse 61,3018,Bern,True,10,Active,5,Bern,969.0,101506,,1.0,Bike,,
2023-09-24 03:38:00,296,46.9439259,7.3853056,Stapfenacker,Brünnenstrasse 61,3018,Bern,True,10,Active,5,Bern,4545.0,104285,,1.0,Bike,,
2023-09-24 03:38:00,296,46.9439259,7.3853056,Stapfenacker,Brünnenstrasse 61,3018,Bern,True,10,Active,5,Bern,1412.0,501740,99.0,2.0,E-Bike,,
2023-09-24 03:38:00,296,46.9439259,7.3853056,Stapfenacker,Brünnenstrasse 61,3018,Bern,True,10,Active,5,Bern,3203.0,102768,,1.0,Bike,,
2023-09-24 03:38:00,296,46.9439259,7.3853056,Stapfenacker,Brünnenstrasse 61,3018,Bern,True,10,Active,5,Bern,1117.0,102062,,1.0,Bike,,
2023-09-24 03:38:00,296,46.9439259,7.3853056,Stapfenacker,Brünnenstrasse 61,3018,Bern,True,10,Active,5,Bern,2158.0,102370,,1.0,Bike,,
2023-09-24 03:38:00,296,46.9439259,7.3853056,Stapfenacker,Brünnenstrasse 61,3018,Bern,True,10,Active,5,Bern,4602.0,503075,89.0,2.0,E-Bike,,
2023-09-24 03:38:00,296,46.9439259,7.3853056,Stapfenacker,Brünnenstrasse 61,3018,Bern,True,10,Active,5,Bern,2526.0,102321,,1.0,Bike,,
2023-09-24 03:38:00,867,46.9477816,7.4365087,Welle 7 Velostation (06:00-22:00)- INSIDE the building!,Merkurgässli,3008,Bern,True,80,Active,5,Bern,6006.0,503744,94.0,2.0,E-Bike,,
2023-09-24 03:38:00,867,46.9477816,7.4365087,Welle 7 Velostation (06:00-22:00)- INSIDE the building!,Merkurgässli,3008,Bern,True,80,Active,5,Bern,1426.0,501743,69.0,2.0,E-Bike,,
2023-09-24 03:38:00,867,46.9477816,7.4365087,Welle 7 Velostation (06:00-22:00)- INSIDE the building!,Merkurgässli,3008,Bern,True,80,Active,5,Bern,4101.0,500893,33.0,2.0,E-Bike,,
2023-09-24 03:38:00,867,46.9477816,7.4365087,Welle 7 Velostation (06:00-22:00)- INSIDE the building!,Merkurgässli,3008,Bern,True,80,Active,5,Bern,2326.0,102479,,1.0,Bike,,
2023-09-24 03:38:00,867,46.9477816,7.4365087,Welle 7 Velostation (06:00-22:00)- INSIDE the building!,Merkurgässli,3008,Bern,True,80,Active,5,Bern,2132.0,101943,,1.0,Bike,,
2023-09-24 03:38:00,867,46.9477816,7.4365087,Welle 7 Velostation (06:00-22:00)- INSIDE the building!,Merkurgässli,3008,Bern,True,80,Active,5,Bern,1454.0,501784,28.0,2.0,E-Bike,,
2023-09-24 03:38:00,663,46.951897864484735,7.442042659901252,Kleeplatz / Bollwerk,Bollwerk 41,3011,Bern,True,26,Active,5,Bern,3804.0,102261,,1.0,Bike,,
2023-09-24 03:38:00,135,47.361335,8.547781,Seebad Utoquai,Utoquai 50,8008,Zürich,True,19,Active,6,Zürich,4786.0,502000,74.0,2.0,E-Bike,,
2023-09-24 03:38:00,135,47.361335,8.547781,Seebad Utoquai,Utoquai 50,8008,Zürich,True,19,Active,6,Zürich,2206.0,101790,,1.0,Bike,,
2023-09-24 03:38:00,135,47.361335,8.547781,Seebad Utoquai,Utoquai 50,8008,Zürich,True,19,Active,6,Zürich,459.0,101148,,1.0,Bike,,
2023-09-24 03:38:00,135,47.361335,8.547781,Seebad Utoquai,Utoquai 50,8008,Zürich,True,19,Active,6,Zürich,1815.0,101754,,1.0,Bike,,
2023-09-24 03:38:00,135,47.361335,8.547781,Seebad Utoquai,Utoquai 50,8008,Zürich,True,19,Active,6,Zürich,460.0,101237,,1.0,Bike,,
2023-09-24 03:38:00,135,47.361335,8.547781,Seebad Utoquai,Utoquai 50,8008,Zürich,True,19,Active,6,Zürich,622.0,101431,,1.0,Bike,,
2023-09-24 03:38:00,764,46.470818,6.336435,"Mont-sur-Rolle, Eglise",Rue de Mont-le-Grand 1,1185,Mont-sur-Rolle,True,19,Active (empty),9,Région de Nyon,,,,,,,
2023-09-24 03:38:00,260,46.9486794,7.4532728,Postgasse,Postgasse 66,3011,Bern,True,8,Active,5,Bern,3998.0,104163,,1.0,Bike,,
2023-09-24 03:38:00,260,46.9486794,7.4532728,Postgasse,Postgasse 66,3011,Bern,True,8,Active,5,Bern,2351.0,102498,,1.0,Bike,,
2023-09-24 03:38:00,260,46.9486794,7.4532728,Postgasse,Postgasse 66,3011,Bern,True,8,Active,5,Bern,2316.0,102485,,1.0,Bike,,
2023-09-24 03:38:00,260,46.9486794,7.4532728,Postgasse,Postgasse 66,3011,Bern,True,8,Active,5,Bern,3240.0,101265,,1.0,Bike,,
2023-09-24 03:38:00,260,46.9486794,7.4532728,Postgasse,Postgasse 66,3011,Bern,True,8,Active,5,Bern,2285.0,102154,,1.0,Bike,,
2023-09-24 03:38:00,260,46.9486794,7.4532728,Postgasse,Postgasse 66,3011,Bern,True,8,Active,5,Bern,4976.0,502573,71.0,2.0,E-Bike,,
2023-09-24 03:38:00,260,46.9486794,7.4532728,Postgasse,Postgasse 66,3011,Bern,True,8,Active,5,Bern,1033.0,500361,21.0,2.0,E-Bike,,
2023-09-24 03:38:00,260,46.9486794,7.4532728,Postgasse,Postgasse 66,3011,Bern,True,8,Active,5,Bern,2984.0,102177,,1.0,Bike,,
2023-09-24 03:38:00,260,46.9486794,7.4532728,Postgasse,Postgasse 66,3011,Bern,True,8,Active,5,Bern,1641.0,501719,52.0,2.0,E-Bike,,
2023-09-24 03:38:00,260,46.9486794,7.4532728,Postgasse,Postgasse 66,3011,Bern,True,8,Active,5,Bern,4549.0,104289,,1.0,Bike,,
2023-09-24 03:38:00,260,46.9486794,7.4532728,Postgasse,Postgasse 66,3011,Bern,True,8,Active,5,Bern,4557.0,104280,,1.0,Bike,,
2023-09-24 03:38:00,260,46.9486794,7.4532728,Postgasse,Postgasse 66,3011,Bern,True,8,Active,5,Bern,2531.0,102241,,1.0,Bike,,
2023-09-24 03:38:00,260,46.9486794,7.4532728,Postgasse,Postgasse 66,3011,Bern,True,8,Active,5,Bern,1203.0,500485,44.0,2.0,E-Bike,,
2023-09-24 03:38:00,260,46.9486794,7.4532728,Postgasse,Postgasse 66,3011,Bern,True,8,Active,5,Bern,3582.0,102994,,1.0,Bike,,
2023-09-24 03:38:00,260,46.9486794,7.4532728,Postgasse,Postgasse 66,3011,Bern,True,8,Active,5,Bern,2097.0,101812,,1.0,Bike,,
2023-09-24 03:38:00,260,46.9486794,7.4532728,Postgasse,Postgasse 66,3011,Bern,True,8,Active,5,Bern,1962.0,501100,20.0,2.0,E-Bike,,
2023-09-24 03:38:00,260,46.9486794,7.4532728,Postgasse,Postgasse 66,3011,Bern,True,8,Active,5,Bern,1619.0,101675,,1.0,Bike,,
2023-09-24 03:38:00,260,46.9486794,7.4532728,Postgasse,Postgasse 66,3011,Bern,True,8,Active,5,Bern,2960.0,102114,,1.0,Bike,,
2023-09-24 03:38:00,260,46.9486794,7.4532728,Postgasse,Postgasse 66,3011,Bern,True,8,Active,5,Bern,1277.0,102390,,1.0,Bike,,
2023-09-24 03:38:00,730,46.46264,6.33681,"Rolle, Gare",Avenue de la gare 29,1180,Rolle,True,38,Active,9,Région de Nyon,1703.0,501702,42.0,2.0,E-Bike,,
2023-09-24 03:38:00,730,46.46264,6.33681,"Rolle, Gare",Avenue de la gare 29,1180,Rolle,True,38,Active,9,Région de Nyon,5171.0,502907,10.0,2.0,E-Bike,,
2023-09-24 03:38:00,730,46.46264,6.33681,"Rolle, Gare",Avenue de la gare 29,1180,Rolle,True,38,Active,9,Région de Nyon,5665.0,105068,,1.0,Bike,,
2023-09-24 03:38:00,730,46.46264,6.33681,"Rolle, Gare",Avenue de la gare 29,1180,Rolle,True,38,Active,9,Région de Nyon,5787.0,104256,,1.0,Bike,,
2023-09-24 03:38:00,730,46.46264,6.33681,"Rolle, Gare",Avenue de la gare 29,1180,Rolle,True,38,Active,9,Région de Nyon,5205.0,103966,,1.0,Bike,,
2023-09-24 03:38:00,730,46.46264,6.33681,"Rolle, Gare",Avenue de la gare 29,1180,Rolle,True,38,Active,9,Région de Nyon,239.0,504148,,2.0,E-Bike,,
2023-09-24 03:38:00,305,46.9413996,7.4316924,Eigerplatz,Mühlemattstrasse 59,3007,Bern,True,16,Active,5,Bern,1065.0,101489,,1.0,Bike,,
2023-09-24 03:38:00,305,46.9413996,7.4316924,Eigerplatz,Mühlemattstrasse 59,3007,Bern,True,16,Active,5,Bern,3204.0,102777,,1.0,Bike,,
2023-09-24 03:38:00,305,46.9413996,7.4316924,Eigerplatz,Mühlemattstrasse 59,3007,Bern,True,16,Active,5,Bern,1114.0,101364,,1.0,Bike,,
2023-09-24 03:38:00,305,46.9413996,7.4316924,Eigerplatz,Mühlemattstrasse 59,3007,Bern,True,16,Active,5,Bern,1212.0,102257,,1.0,Bike,,
2023-09-24 03:38:00,305,46.9413996,7.4316924,Eigerplatz,Mühlemattstrasse 59,3007,Bern,True,16,Active,5,Bern,2963.0,102172,,1.0,Bike,,
2023-09-24 03:38:00,305,46.9413996,7.4316924,Eigerplatz,Mühlemattstrasse 59,3007,Bern,True,16,Active,5,Bern,2562.0,101861,,1.0,Bike,,
2023-09-24 03:38:00,305,46.9413996,7.4316924,Eigerplatz,Mühlemattstrasse 59,3007,Bern,True,16,Active,5,Bern,4531.0,104284,,1.0,Bike,,
2023-09-24 03:38:00,305,46.9413996,7.4316924,Eigerplatz,Mühlemattstrasse 59,3007,Bern,True,16,Active,5,Bern,3151.0,800003,,1.0,Bike,,
2023-09-24 03:38:00,305,46.9413996,7.4316924,Eigerplatz,Mühlemattstrasse 59,3007,Bern,True,16,Active,5,Bern,1211.0,101551,,1.0,Bike,,
2023-09-24 03:38:00,305,46.9413996,7.4316924,Eigerplatz,Mühlemattstrasse 59,3007,Bern,True,16,Active,5,Bern,1496.0,101604,,1.0,Bike,,
2023-09-24 03:38:00,305,46.9413996,7.4316924,Eigerplatz,Mühlemattstrasse 59,3007,Bern,True,16,Active,5,Bern,3633.0,103007,,1.0,Bike,,
2023-09-24 03:38:00,305,46.9413996,7.4316924,Eigerplatz,Mühlemattstrasse 59,3007,Bern,True,16,Active,5,Bern,2527.0,101989,,1.0,Bike,,
2023-09-24 03:38:00,305,46.9413996,7.4316924,Eigerplatz,Mühlemattstrasse 59,3007,Bern,True,16,Active,5,Bern,2711.0,102096,,1.0,Bike,,
2023-09-24 03:38:00,305,46.9413996,7.4316924,Eigerplatz,Mühlemattstrasse 59,3007,Bern,True,16,Active,5,Bern,1503.0,101596,,1.0,Bike,,
2023-09-24 03:38:00,305,46.9413996,7.4316924,Eigerplatz,Mühlemattstrasse 59,3007,Bern,True,16,Active,5,Bern,3716.0,103085,,1.0,Bike,,
2023-09-24 03:38:00,305,46.9413996,7.4316924,Eigerplatz,Mühlemattstrasse 59,3007,Bern,True,16,Active,5,Bern,2243.0,102043,,1.0,Bike,,
2023-09-24 03:38:00,305,46.9413996,7.4316924,Eigerplatz,Mühlemattstrasse 59,3007,Bern,True,16,Active,5,Bern,3219.0,102222,,1.0,Bike,,
2023-09-24 03:38:00,812,46.79364606401284,7.150040893601194,Route des Cliniques,Route des Cliniques,1700,Fribourg,True,37,Active,8,Fribourg,4295.0,104238,,1.0,Bike,26.0,Sponsor 26
2023-09-24 03:38:00,812,46.79364606401284,7.150040893601194,Route des Cliniques,Route des Cliniques,1700,Fribourg,True,37,Active,8,Fribourg,1919.0,500982,,2.0,E-Bike,26.0,Sponsor 26
2023-09-24 03:38:00,812,46.79364606401284,7.150040893601194,Route des Cliniques,Route des Cliniques,1700,Fribourg,True,37,Active,8,Fribourg,5887.0,503986,12.0,2.0,E-Bike,26.0,Sponsor 26
2023-09-24 03:38:00,812,46.79364606401284,7.150040893601194,Route des Cliniques,Route des Cliniques,1700,Fribourg,True,37,Active,8,Fribourg,4251.0,501707,,2.0,E-Bike,26.0,Sponsor 26
2023-09-24 03:38:00,264,47.353198,8.553189,Lake Side,Bellerivestrasse 170,8008,Zürich,True,26,Active,6,Zürich,1820.0,101573,,1.0,Bike,,
2023-09-24 03:38:00,264,47.353198,8.553189,Lake Side,Bellerivestrasse 170,8008,Zürich,True,26,Active,6,Zürich,2392.0,102537,,1.0,Bike,,
2023-09-24 03:38:00,264,47.353198,8.553189,Lake Side,Bellerivestrasse 170,8008,Zürich,True,26,Active,6,Zürich,1578.0,101669,,1.0,Bike,,
2023-09-24 03:38:00,264,47.353198,8.553189,Lake Side,Bellerivestrasse 170,8008,Zürich,True,26,Active,6,Zürich,3653.0,103018,,1.0,Bike,,
2023-09-24 03:38:00,643,46.796242,7.151055,Arsenaux,Route des Arsenaux 6a,1700,Fribourg,True,48,Active,8,Fribourg,4461.0,101908,,1.0,Bike,26.0,Sponsor 26
2023-09-24 03:38:00,413,46.9250228,7.4154375,Köniz Bahnhof,Sonnenweg 22,3098,Köniz,True,40,Active,5,Bern,2971.0,102238,,1.0,Bike,,
2023-09-24 03:38:00,413,46.9250228,7.4154375,Köniz Bahnhof,Sonnenweg 22,3098,Köniz,True,40,Active,5,Bern,1446.0,101588,,1.0,Bike,,
2023-09-24 03:38:00,413,46.9250228,7.4154375,Köniz Bahnhof,Sonnenweg 22,3098,Köniz,True,40,Active,5,Bern,2305.0,102447,,1.0,Bike,,
2023-09-24 03:38:00,413,46.9250228,7.4154375,Köniz Bahnhof,Sonnenweg 22,3098,Köniz,True,40,Active,5,Bern,979.0,101515,,1.0,Bike,,
2023-09-24 03:38:00,413,46.9250228,7.4154375,Köniz Bahnhof,Sonnenweg 22,3098,Köniz,True,40,Active,5,Bern,2746.0,102085,,1.0,Bike,,
2023-09-24 03:38:00,413,46.9250228,7.4154375,Köniz Bahnhof,Sonnenweg 22,3098,Köniz,True,40,Active,5,Bern,3617.0,102969,,1.0,Bike,,
2023-09-24 03:38:00,413,46.9250228,7.4154375,Köniz Bahnhof,Sonnenweg 22,3098,Köniz,True,40,Active,5,Bern,1225.0,102381,,1.0,Bike,,
2023-09-24 03:38:00,413,46.9250228,7.4154375,Köniz Bahnhof,Sonnenweg 22,3098,Köniz,True,40,Active,5,Bern,4588.0,104082,,1.0,Bike,,
2023-09-24 03:38:00,413,46.9250228,7.4154375,Köniz Bahnhof,Sonnenweg 22,3098,Köniz,True,40,Active,5,Bern,2952.0,102209,,1.0,Bike,,
2023-09-24 03:38:00,276,47.414545,8.552747,Airgate,Hagenholzstrasse 51,8050,Zürich,True,18,Active,6,Zürich,491.0,101571,,1.0,Bike,,
2023-09-24 03:38:00,276,47.414545,8.552747,Airgate,Hagenholzstrasse 51,8050,Zürich,True,18,Active,6,Zürich,3260.0,102864,,1.0,Bike,,
2023-09-24 03:38:00,276,47.414545,8.552747,Airgate,Hagenholzstrasse 51,8050,Zürich,True,18,Active,6,Zürich,633.0,101471,,1.0,Bike,,
2023-09-24 03:38:00,872,46.85311,9.52903,Bahnhofplatz Chur,Bahnhofplatz 2,7000,Chur,True,80,Active,11,Chur,3174.0,102753,,1.0,Bike,59.0,Sponsor 59
2023-09-24 03:38:00,872,46.85311,9.52903,Bahnhofplatz Chur,Bahnhofplatz 2,7000,Chur,True,80,Active,11,Chur,4012.0,500800,25.0,2.0,E-Bike,59.0,Sponsor 59
2023-09-24 03:38:00,872,46.85311,9.52903,Bahnhofplatz Chur,Bahnhofplatz 2,7000,Chur,True,80,Active,11,Chur,4503.0,503480,30.0,2.0,E-Bike,59.0,Sponsor 59
2023-09-24 03:38:00,872,46.85311,9.52903,Bahnhofplatz Chur,Bahnhofplatz 2,7000,Chur,True,80,Active,11,Chur,1014.0,101503,,1.0,Bike,59.0,Sponsor 59
2023-09-24 03:38:00,872,46.85311,9.52903,Bahnhofplatz Chur,Bahnhofplatz 2,7000,Chur,True,80,Active,11,Chur,3450.0,502259,15.0,2.0,E-Bike,59.0,Sponsor 59
2023-09-24 03:38:00,872,46.85311,9.52903,Bahnhofplatz Chur,Bahnhofplatz 2,7000,Chur,True,80,Active,11,Chur,2903.0,102649,,1.0,Bike,59.0,Sponsor 59
2023-09-24 03:38:00,734,46.381576302180214,6.240310145601514,"Nyon, Château",Rue Maupertuis 2,1260,Nyon,True,18,Active,9,Région de Nyon,5711.0,503787,50.0,2.0,E-Bike,,
2023-09-24 03:38:00,852,46.5183879308213,6.4569022616279925,Denens village,Rue de la Cité 2,1135,Denens,True,16,Active,2,Lausanne-Morges,300.0,104639,,1.0,Bike,,
2023-09-24 03:38:00,852,46.5183879308213,6.4569022616279925,Denens village,Rue de la Cité 2,1135,Denens,True,16,Active,2,Lausanne-Morges,100.0,100124,,1.0,Bike,,
2023-09-24 03:38:00,852,46.5183879308213,6.4569022616279925,Denens village,Rue de la Cité 2,1135,Denens,True,16,Active,2,Lausanne-Morges,12.0,100373,91.0,2.0,E-Bike,,
2023-09-24 03:38:00,358,47.397293,8.541453,Milchbuck,Schaffhauserstrasse 137,8057,Zürich,True,13,Active,6,Zürich,820.0,500180,,2.0,E-Bike,,
2023-09-24 03:38:00,294,46.95386,7.4365667,Hallerstrasse West,Zähringerstrasse 13,3012,Bern,True,10,Active (empty),5,Bern,,,,,,,
2023-09-24 03:38:00,488,46.517009,6.635237,"Avenue de la Gare, TX Group SA",Avenue de la Gare 12A,1003,Lausanne,True,18,Active (empty),2,Lausanne-Morges,,,,,,40.0,Sponsor 40
2023-09-24 03:38:00,39,46.52804418,6.59119606,Longemalle,Avenue de Longemalle,1020,Renens,True,13,Active,2,Lausanne-Morges,1945.0,501915,,2.0,E-Bike,1.0,Sponsor 01
2023-09-24 03:38:00,594,46.9644796,7.466948,Wankdorf Sporthalle,Papiermühlestrasse 91,3014,Bern,True,26,Active,5,Bern,4015.0,500883,14.0,2.0,E-Bike,,
2023-09-24 03:38:00,594,46.9644796,7.466948,Wankdorf Sporthalle,Papiermühlestrasse 91,3014,Bern,True,26,Active,5,Bern,1177.0,500398,23.0,2.0,E-Bike,,
2023-09-24 03:38:00,594,46.9644796,7.466948,Wankdorf Sporthalle,Papiermühlestrasse 91,3014,Bern,True,26,Active,5,Bern,1654.0,501734,38.0,2.0,E-Bike,,
2023-09-24 03:38:00,594,46.9644796,7.466948,Wankdorf Sporthalle,Papiermühlestrasse 91,3014,Bern,True,26,Active,5,Bern,2532.0,101862,,1.0,Bike,,
2023-09-24 03:38:00,594,46.9644796,7.466948,Wankdorf Sporthalle,Papiermühlestrasse 91,3014,Bern,True,26,Active,5,Bern,1002.0,101528,,1.0,Bike,,
2023-09-24 03:38:00,594,46.9644796,7.466948,Wankdorf Sporthalle,Papiermühlestrasse 91,3014,Bern,True,26,Active,5,Bern,3727.0,103079,,1.0,Bike,,
2023-09-24 03:38:00,594,46.9644796,7.466948,Wankdorf Sporthalle,Papiermühlestrasse 91,3014,Bern,True,26,Active,5,Bern,2318.0,102473,,1.0,Bike,,
2023-09-24 03:38:00,594,46.9644796,7.466948,Wankdorf Sporthalle,Papiermühlestrasse 91,3014,Bern,True,26,Active,5,Bern,1079.0,101486,,1.0,Bike,,
2023-09-24 03:38:00,550,46.958014,7.444949,Quartiergasse,Quartiergasse 31,3013,Bern,True,29,Active,5,Bern,4592.0,503078,55.0,2.0,E-Bike,,
2023-09-24 03:38:00,550,46.958014,7.444949,Quartiergasse,Quartiergasse 31,3013,Bern,True,29,Active,5,Bern,3196.0,102756,,1.0,Bike,,
2023-09-24 03:38:00,550,46.958014,7.444949,Quartiergasse,Quartiergasse 31,3013,Bern,True,29,Active,5,Bern,2757.0,102428,,1.0,Bike,,
2023-09-24 03:38:00,550,46.958014,7.444949,Quartiergasse,Quartiergasse 31,3013,Bern,True,29,Active,5,Bern,2778.0,501617,76.0,2.0,E-Bike,,
2023-09-24 03:38:00,550,46.958014,7.444949,Quartiergasse,Quartiergasse 31,3013,Bern,True,29,Active,5,Bern,3462.0,503473,57.0,2.0,E-Bike,,
2023-09-24 03:38:00,550,46.958014,7.444949,Quartiergasse,Quartiergasse 31,3013,Bern,True,29,Active,5,Bern,3167.0,102196,,1.0,Bike,,
2023-09-24 03:38:00,550,46.958014,7.444949,Quartiergasse,Quartiergasse 31,3013,Bern,True,29,Active,5,Bern,4600.0,503070,78.0,2.0,E-Bike,,
2023-09-24 03:38:00,550,46.958014,7.444949,Quartiergasse,Quartiergasse 31,3013,Bern,True,29,Active,5,Bern,1110.0,800020,35.0,2.0,E-Bike,,
2023-09-24 03:38:00,550,46.958014,7.444949,Quartiergasse,Quartiergasse 31,3013,Bern,True,29,Active,5,Bern,4887.0,501144,82.0,2.0,E-Bike,,
2023-09-24 03:38:00,550,46.958014,7.444949,Quartiergasse,Quartiergasse 31,3013,Bern,True,29,Active,5,Bern,3311.0,501081,45.0,2.0,E-Bike,,
2023-09-24 03:38:00,550,46.958014,7.444949,Quartiergasse,Quartiergasse 31,3013,Bern,True,29,Active,5,Bern,4100.0,500625,91.0,2.0,E-Bike,,
2023-09-24 03:38:00,550,46.958014,7.444949,Quartiergasse,Quartiergasse 31,3013,Bern,True,29,Active,5,Bern,1369.0,501883,44.0,2.0,E-Bike,,
2023-09-24 03:38:00,550,46.958014,7.444949,Quartiergasse,Quartiergasse 31,3013,Bern,True,29,Active,5,Bern,3793.0,103170,,1.0,Bike,,
2023-09-24 03:38:00,550,46.958014,7.444949,Quartiergasse,Quartiergasse 31,3013,Bern,True,29,Active,5,Bern,1017.0,500352,54.0,2.0,E-Bike,,
2023-09-24 03:38:00,550,46.958014,7.444949,Quartiergasse,Quartiergasse 31,3013,Bern,True,29,Active,5,Bern,1501.0,101590,,1.0,Bike,,
2023-09-24 03:38:00,550,46.958014,7.444949,Quartiergasse,Quartiergasse 31,3013,Bern,True,29,Active,5,Bern,2329.0,102480,,1.0,Bike,,
2023-09-24 03:38:00,550,46.958014,7.444949,Quartiergasse,Quartiergasse 31,3013,Bern,True,29,Active,5,Bern,3190.0,102762,,1.0,Bike,,
2023-09-24 03:38:00,550,46.958014,7.444949,Quartiergasse,Quartiergasse 31,3013,Bern,True,29,Active,5,Bern,1188.0,500471,40.0,2.0,E-Bike,,
2023-09-24 03:38:00,633,46.77787,7.15074,Marly Innovation Center,Route Ancienne Papeterie 550,1723,Marly,True,21,Active,8,Fribourg,5322.0,103837,,1.0,Bike,30.0,Sponsor 30
2023-09-24 03:38:00,633,46.77787,7.15074,Marly Innovation Center,Route Ancienne Papeterie 550,1723,Marly,True,21,Active,8,Fribourg,5000.0,503025,82.0,2.0,E-Bike,30.0,Sponsor 30
2023-09-24 03:38:00,633,46.77787,7.15074,Marly Innovation Center,Route Ancienne Papeterie 550,1723,Marly,True,21,Active,8,Fribourg,1912.0,501208,53.0,2.0,E-Bike,30.0,Sponsor 30
2023-09-24 03:38:00,633,46.77787,7.15074,Marly Innovation Center,Route Ancienne Papeterie 550,1723,Marly,True,21,Active,8,Fribourg,1920.0,500989,,2.0,E-Bike,30.0,Sponsor 30
2023-09-24 03:38:00,633,46.77787,7.15074,Marly Innovation Center,Route Ancienne Papeterie 550,1723,Marly,True,21,Active,8,Fribourg,5328.0,103997,,1.0,Bike,30.0,Sponsor 30
2023-09-24 03:38:00,633,46.77787,7.15074,Marly Innovation Center,Route Ancienne Papeterie 550,1723,Marly,True,21,Active,8,Fribourg,1929.0,500983,36.0,2.0,E-Bike,30.0,Sponsor 30
2023-09-24 03:38:00,633,46.77787,7.15074,Marly Innovation Center,Route Ancienne Papeterie 550,1723,Marly,True,21,Active,8,Fribourg,5306.0,103989,,1.0,Bike,30.0,Sponsor 30
2023-09-24 03:38:00,633,46.77787,7.15074,Marly Innovation Center,Route Ancienne Papeterie 550,1723,Marly,True,21,Active,8,Fribourg,1903.0,500945,,2.0,E-Bike,30.0,Sponsor 30
2023-09-24 03:38:00,110,47.396401,8.4860017,Grünau,Grünauring 37,8064,Zürich,True,19,Active,6,Zürich,3929.0,103300,,1.0,Bike,,
2023-09-24 03:38:00,110,47.396401,8.4860017,Grünau,Grünauring 37,8064,Zürich,True,19,Active,6,Zürich,3069.0,102831,,1.0,Bike,,
2023-09-24 03:38:00,110,47.396401,8.4860017,Grünau,Grünauring 37,8064,Zürich,True,19,Active,6,Zürich,495.0,101341,,1.0,Bike,,
2023-09-24 03:38:00,110,47.396401,8.4860017,Grünau,Grünauring 37,8064,Zürich,True,19,Active,6,Zürich,2662.0,501418,33.0,2.0,E-Bike,,
2023-09-24 03:38:00,110,47.396401,8.4860017,Grünau,Grünauring 37,8064,Zürich,True,19,Active,6,Zürich,3841.0,103090,,1.0,Bike,,
2023-09-24 03:38:00,110,47.396401,8.4860017,Grünau,Grünauring 37,8064,Zürich,True,19,Active,6,Zürich,2668.0,503540,36.0,2.0,E-Bike,,
2023-09-24 03:38:00,110,47.396401,8.4860017,Grünau,Grünauring 37,8064,Zürich,True,19,Active,6,Zürich,715.0,500234,15.0,2.0,E-Bike,,
2023-09-24 03:38:00,110,47.396401,8.4860017,Grünau,Grünauring 37,8064,Zürich,True,19,Active,6,Zürich,527.0,101556,,1.0,Bike,,
2023-09-24 03:38:00,110,47.396401,8.4860017,Grünau,Grünauring 37,8064,Zürich,True,19,Active,6,Zürich,4642.0,503105,21.0,2.0,E-Bike,,
2023-09-24 03:38:00,110,47.396401,8.4860017,Grünau,Grünauring 37,8064,Zürich,True,19,Active,6,Zürich,638.0,101440,,1.0,Bike,,
2023-09-24 03:38:00,110,47.396401,8.4860017,Grünau,Grünauring 37,8064,Zürich,True,19,Active,6,Zürich,4796.0,500694,,2.0,E-Bike,,
2023-09-24 03:38:00,474,46.9501048,7.4283779,Depotstrasse,Depotstrasse 2,3012,Bern,True,27,Active,5,Bern,3736.0,103104,,1.0,Bike,,
2023-09-24 03:38:00,474,46.9501048,7.4283779,Depotstrasse,Depotstrasse 2,3012,Bern,True,27,Active,5,Bern,1128.0,101305,,1.0,Bike,,
2023-09-24 03:38:00,474,46.9501048,7.4283779,Depotstrasse,Depotstrasse 2,3012,Bern,True,27,Active,5,Bern,3865.0,103370,,1.0,Bike,,
2023-09-24 03:38:00,474,46.9501048,7.4283779,Depotstrasse,Depotstrasse 2,3012,Bern,True,27,Active,5,Bern,4907.0,502659,57.0,2.0,E-Bike,,
2023-09-24 03:38:00,474,46.9501048,7.4283779,Depotstrasse,Depotstrasse 2,3012,Bern,True,27,Active,5,Bern,2101.0,101819,,1.0,Bike,,
2023-09-24 03:38:00,474,46.9501048,7.4283779,Depotstrasse,Depotstrasse 2,3012,Bern,True,27,Active,5,Bern,3009.0,104547,,1.0,Bike,,
2023-09-24 03:38:00,474,46.9501048,7.4283779,Depotstrasse,Depotstrasse 2,3012,Bern,True,27,Active,5,Bern,2591.0,102232,,1.0,Bike,,
2023-09-24 03:38:00,474,46.9501048,7.4283779,Depotstrasse,Depotstrasse 2,3012,Bern,True,27,Active,5,Bern,3605.0,102996,,1.0,Bike,,
2023-09-24 03:38:00,474,46.9501048,7.4283779,Depotstrasse,Depotstrasse 2,3012,Bern,True,27,Active,5,Bern,3861.0,103256,,1.0,Bike,,
2023-09-24 03:38:00,474,46.9501048,7.4283779,Depotstrasse,Depotstrasse 2,3012,Bern,True,27,Active,5,Bern,3014.0,102288,,1.0,Bike,,
2023-09-24 03:38:00,254,46.9486345,7.4567436,Nydegg,Nydeggasse 13,3011,Bern,True,8,Active,5,Bern,4544.0,104266,,1.0,Bike,,
2023-09-24 03:38:00,254,46.9486345,7.4567436,Nydegg,Nydeggasse 13,3011,Bern,True,8,Active,5,Bern,2737.0,102147,,1.0,Bike,,
2023-09-24 03:38:00,254,46.9486345,7.4567436,Nydegg,Nydeggasse 13,3011,Bern,True,8,Active,5,Bern,3988.0,104164,,1.0,Bike,,
2023-09-24 03:38:00,254,46.9486345,7.4567436,Nydegg,Nydeggasse 13,3011,Bern,True,8,Active,5,Bern,2281.0,102446,,1.0,Bike,,
2023-09-24 03:38:00,254,46.9486345,7.4567436,Nydegg,Nydeggasse 13,3011,Bern,True,8,Active,5,Bern,3806.0,104217,,1.0,Bike,,
2023-09-24 03:38:00,254,46.9486345,7.4567436,Nydegg,Nydeggasse 13,3011,Bern,True,8,Active,5,Bern,2947.0,102169,,1.0,Bike,,
2023-09-24 03:38:00,254,46.9486345,7.4567436,Nydegg,Nydeggasse 13,3011,Bern,True,8,Active,5,Bern,2310.0,102477,,1.0,Bike,,
2023-09-24 03:38:00,254,46.9486345,7.4567436,Nydegg,Nydeggasse 13,3011,Bern,True,8,Active,5,Bern,1620.0,101688,,1.0,Bike,,
2023-09-24 03:38:00,254,46.9486345,7.4567436,Nydegg,Nydeggasse 13,3011,Bern,True,8,Active,5,Bern,3986.0,103284,,1.0,Bike,,
2023-09-24 03:38:00,254,46.9486345,7.4567436,Nydegg,Nydeggasse 13,3011,Bern,True,8,Active,5,Bern,2713.0,102247,,1.0,Bike,,
2023-09-24 03:38:00,254,46.9486345,7.4567436,Nydegg,Nydeggasse 13,3011,Bern,True,8,Active,5,Bern,3592.0,102965,,1.0,Bike,,
2023-09-24 03:38:00,254,46.9486345,7.4567436,Nydegg,Nydeggasse 13,3011,Bern,True,8,Active,5,Bern,1016.0,500350,66.0,2.0,E-Bike,,
2023-09-24 03:38:00,254,46.9486345,7.4567436,Nydegg,Nydeggasse 13,3011,Bern,True,8,Active,5,Bern,3029.0,101854,,1.0,Bike,,
2023-09-24 03:38:00,254,46.9486345,7.4567436,Nydegg,Nydeggasse 13,3011,Bern,True,8,Active,5,Bern,1457.0,101593,,1.0,Bike,,
2023-09-24 03:38:00,254,46.9486345,7.4567436,Nydegg,Nydeggasse 13,3011,Bern,True,8,Active,5,Bern,3018.0,101830,,1.0,Bike,,
2023-09-24 03:38:00,254,46.9486345,7.4567436,Nydegg,Nydeggasse 13,3011,Bern,True,8,Active,5,Bern,1006.0,101545,,1.0,Bike,,
2023-09-24 03:38:00,254,46.9486345,7.4567436,Nydegg,Nydeggasse 13,3011,Bern,True,8,Active,5,Bern,4921.0,502651,29.0,2.0,E-Bike,,
2023-09-24 03:38:00,254,46.9486345,7.4567436,Nydegg,Nydeggasse 13,3011,Bern,True,8,Active,5,Bern,2291.0,102463,,1.0,Bike,,
2023-09-24 03:38:00,254,46.9486345,7.4567436,Nydegg,Nydeggasse 13,3011,Bern,True,8,Active,5,Bern,3580.0,104222,,1.0,Bike,,
2023-09-24 03:38:00,254,46.9486345,7.4567436,Nydegg,Nydeggasse 13,3011,Bern,True,8,Active,5,Bern,3202.0,102764,,1.0,Bike,,
2023-09-24 03:38:00,513,47.380338,8.537684,Sihlquai,Sihlquai 25,8005,Zürich,True,27,Active,6,Zürich,626.0,101394,,1.0,Bike,,
2023-09-24 03:38:00,513,47.380338,8.537684,Sihlquai,Sihlquai 25,8005,Zürich,True,27,Active,6,Zürich,520.0,101230,,1.0,Bike,,
2023-09-24 03:38:00,513,47.380338,8.537684,Sihlquai,Sihlquai 25,8005,Zürich,True,27,Active,6,Zürich,4734.0,500718,34.0,2.0,E-Bike,,
2023-09-24 03:38:00,513,47.380338,8.537684,Sihlquai,Sihlquai 25,8005,Zürich,True,27,Active,6,Zürich,1156.0,500475,20.0,2.0,E-Bike,,
2023-09-24 03:38:00,513,47.380338,8.537684,Sihlquai,Sihlquai 25,8005,Zürich,True,27,Active,6,Zürich,450.0,101219,,1.0,Bike,,
2023-09-24 03:38:00,513,47.380338,8.537684,Sihlquai,Sihlquai 25,8005,Zürich,True,27,Active,6,Zürich,3064.0,102338,,1.0,Bike,,
2023-09-24 03:38:00,513,47.380338,8.537684,Sihlquai,Sihlquai 25,8005,Zürich,True,27,Active,6,Zürich,3678.0,103058,,1.0,Bike,,
2023-09-24 03:38:00,513,47.380338,8.537684,Sihlquai,Sihlquai 25,8005,Zürich,True,27,Active,6,Zürich,3568.0,504003,98.0,2.0,E-Bike,,
2023-09-24 03:38:00,513,47.380338,8.537684,Sihlquai,Sihlquai 25,8005,Zürich,True,27,Active,6,Zürich,3665.0,103034,,1.0,Bike,,
2023-09-24 03:38:00,513,47.380338,8.537684,Sihlquai,Sihlquai 25,8005,Zürich,True,27,Active,6,Zürich,3835.0,103206,,1.0,Bike,,
2023-09-24 03:38:00,513,47.380338,8.537684,Sihlquai,Sihlquai 25,8005,Zürich,True,27,Active,6,Zürich,4735.0,104015,,1.0,Bike,,
2023-09-24 03:38:00,513,47.380338,8.537684,Sihlquai,Sihlquai 25,8005,Zürich,True,27,Active,6,Zürich,572.0,101248,,1.0,Bike,,
2023-09-24 03:38:00,513,47.380338,8.537684,Sihlquai,Sihlquai 25,8005,Zürich,True,27,Active,6,Zürich,685.0,101158,,1.0,Bike,,
2023-09-24 03:38:00,513,47.380338,8.537684,Sihlquai,Sihlquai 25,8005,Zürich,True,27,Active,6,Zürich,3816.0,103208,,1.0,Bike,,
2023-09-24 03:38:00,513,47.380338,8.537684,Sihlquai,Sihlquai 25,8005,Zürich,True,27,Active,6,Zürich,3828.0,103216,,1.0,Bike,,
2023-09-24 03:38:00,513,47.380338,8.537684,Sihlquai,Sihlquai 25,8005,Zürich,True,27,Active,6,Zürich,871.0,500064,50.0,2.0,E-Bike,,
2023-09-24 03:38:00,513,47.380338,8.537684,Sihlquai,Sihlquai 25,8005,Zürich,True,27,Active,6,Zürich,642.0,101389,,1.0,Bike,,
2023-09-24 03:38:00,513,47.380338,8.537684,Sihlquai,Sihlquai 25,8005,Zürich,True,27,Active,6,Zürich,2211.0,101825,,1.0,Bike,,
2023-09-24 03:38:00,513,47.380338,8.537684,Sihlquai,Sihlquai 25,8005,Zürich,True,27,Active,6,Zürich,2842.0,503595,,2.0,E-Bike,,
2023-09-24 03:38:00,478,46.9406928,7.4431488,Dampfzentrale,Marzilistrasse 45,3005,Bern,True,21,Active,5,Bern,4571.0,102300,,1.0,Bike,,
2023-09-24 03:38:00,478,46.9406928,7.4431488,Dampfzentrale,Marzilistrasse 45,3005,Bern,True,21,Active,5,Bern,2701.0,102304,,1.0,Bike,,
2023-09-24 03:38:00,478,46.9406928,7.4431488,Dampfzentrale,Marzilistrasse 45,3005,Bern,True,21,Active,5,Bern,2754.0,102087,,1.0,Bike,,
2023-09-24 03:38:00,478,46.9406928,7.4431488,Dampfzentrale,Marzilistrasse 45,3005,Bern,True,21,Active,5,Bern,2298.0,102465,,1.0,Bike,,
2023-09-24 03:38:00,478,46.9406928,7.4431488,Dampfzentrale,Marzilistrasse 45,3005,Bern,True,21,Active,5,Bern,3874.0,103239,,1.0,Bike,,
2023-09-24 03:38:00,478,46.9406928,7.4431488,Dampfzentrale,Marzilistrasse 45,3005,Bern,True,21,Active,5,Bern,3866.0,103253,,1.0,Bike,,
2023-09-24 03:38:00,478,46.9406928,7.4431488,Dampfzentrale,Marzilistrasse 45,3005,Bern,True,21,Active,5,Bern,2328.0,102478,,1.0,Bike,,
2023-09-24 03:38:00,478,46.9406928,7.4431488,Dampfzentrale,Marzilistrasse 45,3005,Bern,True,21,Active,5,Bern,1134.0,101292,,1.0,Bike,,
2023-09-24 03:38:00,685,45.87216325637743,8.983528791038395,Mendrisio CPI,Via Franco Zorzi,6850,Mendrisio,True,21,Active,3,Sottoceneri (TI),5141.0,104149,,1.0,Bike,,
2023-09-24 03:38:00,685,45.87216325637743,8.983528791038395,Mendrisio CPI,Via Franco Zorzi,6850,Mendrisio,True,21,Active,3,Sottoceneri (TI),5098.0,104103,,1.0,Bike,,
2023-09-24 03:38:00,685,45.87216325637743,8.983528791038395,Mendrisio CPI,Via Franco Zorzi,6850,Mendrisio,True,21,Active,3,Sottoceneri (TI),5126.0,104043,,1.0,Bike,,
2023-09-24 03:38:00,685,45.87216325637743,8.983528791038395,Mendrisio CPI,Via Franco Zorzi,6850,Mendrisio,True,21,Active,3,Sottoceneri (TI),5120.0,104039,,1.0,Bike,,
2023-09-24 03:38:00,153,47.365272,8.52174,Manesseplatz,Manessestrasse 87,8045,Zürich,True,32,Active,6,Zürich,3928.0,103214,,1.0,Bike,,
2023-09-24 03:38:00,153,47.365272,8.52174,Manesseplatz,Manessestrasse 87,8045,Zürich,True,32,Active,6,Zürich,2441.0,101287,,1.0,Bike,,
2023-09-24 03:38:00,153,47.365272,8.52174,Manesseplatz,Manessestrasse 87,8045,Zürich,True,32,Active,6,Zürich,2186.0,102267,,1.0,Bike,,
2023-09-24 03:38:00,153,47.365272,8.52174,Manesseplatz,Manessestrasse 87,8045,Zürich,True,32,Active,6,Zürich,2939.0,102632,,1.0,Bike,,
2023-09-24 03:38:00,153,47.365272,8.52174,Manesseplatz,Manessestrasse 87,8045,Zürich,True,32,Active,6,Zürich,2917.0,102214,,1.0,Bike,,
2023-09-24 03:38:00,153,47.365272,8.52174,Manesseplatz,Manessestrasse 87,8045,Zürich,True,32,Active,6,Zürich,4709.0,500681,51.0,2.0,E-Bike,,
2023-09-24 03:38:00,153,47.365272,8.52174,Manesseplatz,Manessestrasse 87,8045,Zürich,True,32,Active,6,Zürich,1515.0,501852,,2.0,E-Bike,,
2023-09-24 03:38:00,153,47.365272,8.52174,Manesseplatz,Manessestrasse 87,8045,Zürich,True,32,Active,6,Zürich,1152.0,101360,,1.0,Bike,,
2023-09-24 03:38:00,153,47.365272,8.52174,Manesseplatz,Manessestrasse 87,8045,Zürich,True,32,Active,6,Zürich,710.0,500416,34.0,2.0,E-Bike,,
2023-09-24 03:38:00,153,47.365272,8.52174,Manesseplatz,Manessestrasse 87,8045,Zürich,True,32,Active,6,Zürich,3100.0,102828,,1.0,Bike,,
2023-09-24 03:38:00,153,47.365272,8.52174,Manesseplatz,Manessestrasse 87,8045,Zürich,True,32,Active,6,Zürich,3530.0,500778,69.0,2.0,E-Bike,,
2023-09-24 03:38:00,153,47.365272,8.52174,Manesseplatz,Manessestrasse 87,8045,Zürich,True,32,Active,6,Zürich,3426.0,503686,61.0,2.0,E-Bike,,
2023-09-24 03:38:00,153,47.365272,8.52174,Manesseplatz,Manessestrasse 87,8045,Zürich,True,32,Active,6,Zürich,3775.0,103145,,1.0,Bike,,
2023-09-24 03:38:00,153,47.365272,8.52174,Manesseplatz,Manessestrasse 87,8045,Zürich,True,32,Active,6,Zürich,3507.0,501286,,2.0,E-Bike,,
2023-09-24 03:38:00,153,47.365272,8.52174,Manesseplatz,Manessestrasse 87,8045,Zürich,True,32,Active,6,Zürich,932.0,500078,88.0,2.0,E-Bike,,
2023-09-24 03:38:00,303,46.95099,7.4726263,Zentrum Paul Klee,Undo-endo 24a,3006,Bern,True,10,Active,5,Bern,971.0,101510,,1.0,Bike,,
2023-09-24 03:38:00,303,46.95099,7.4726263,Zentrum Paul Klee,Undo-endo 24a,3006,Bern,True,10,Active,5,Bern,1970.0,501832,20.0,2.0,E-Bike,,
2023-09-24 03:38:00,547,46.942351,7.452777,Luisenstrasse,Luisenstrasse 18,3005,Bern,True,29,Active,5,Bern,3913.0,500795,59.0,2.0,E-Bike,,
2023-09-24 03:38:00,547,46.942351,7.452777,Luisenstrasse,Luisenstrasse 18,3005,Bern,True,29,Active,5,Bern,994.0,500343,16.0,2.0,E-Bike,,
2023-09-24 03:38:00,547,46.942351,7.452777,Luisenstrasse,Luisenstrasse 18,3005,Bern,True,29,Active,5,Bern,3189.0,102754,,1.0,Bike,,
2023-09-24 03:38:00,547,46.942351,7.452777,Luisenstrasse,Luisenstrasse 18,3005,Bern,True,29,Active,5,Bern,4569.0,104097,,1.0,Bike,,
2023-09-24 03:38:00,547,46.942351,7.452777,Luisenstrasse,Luisenstrasse 18,3005,Bern,True,29,Active,5,Bern,2969.0,102162,,1.0,Bike,,
2023-09-24 03:38:00,547,46.942351,7.452777,Luisenstrasse,Luisenstrasse 18,3005,Bern,True,29,Active,5,Bern,4620.0,502662,90.0,2.0,E-Bike,,
2023-09-24 03:38:00,547,46.942351,7.452777,Luisenstrasse,Luisenstrasse 18,3005,Bern,True,29,Active,5,Bern,2986.0,102319,,1.0,Bike,,
2023-09-24 03:38:00,547,46.942351,7.452777,Luisenstrasse,Luisenstrasse 18,3005,Bern,True,29,Active,5,Bern,2270.0,102049,,1.0,Bike,,
2023-09-24 03:38:00,333,46.936635808279966,7.475831165818141,Egghölzli,Egghölzlistrasse 3A,3006,Bern,True,10,Active,5,Bern,3481.0,502162,78.0,2.0,E-Bike,,
2023-09-24 03:38:00,333,46.936635808279966,7.475831165818141,Egghölzli,Egghölzlistrasse 3A,3006,Bern,True,10,Active,5,Bern,4498.0,503044,87.0,2.0,E-Bike,,
2023-09-24 03:38:00,333,46.936635808279966,7.475831165818141,Egghölzli,Egghölzlistrasse 3A,3006,Bern,True,10,Active,5,Bern,3577.0,103001,,1.0,Bike,,
2023-09-24 03:38:00,333,46.936635808279966,7.475831165818141,Egghölzli,Egghölzlistrasse 3A,3006,Bern,True,10,Active,5,Bern,2030.0,501835,25.0,2.0,E-Bike,,
2023-09-24 03:38:00,333,46.936635808279966,7.475831165818141,Egghölzli,Egghölzlistrasse 3A,3006,Bern,True,10,Active,5,Bern,4080.0,500892,46.0,2.0,E-Bike,,
2023-09-24 03:38:00,333,46.936635808279966,7.475831165818141,Egghölzli,Egghölzlistrasse 3A,3006,Bern,True,10,Active,5,Bern,2551.0,102244,,1.0,Bike,,
2023-09-24 03:38:00,333,46.936635808279966,7.475831165818141,Egghölzli,Egghölzlistrasse 3A,3006,Bern,True,10,Active,5,Bern,1637.0,501712,67.0,2.0,E-Bike,,
2023-09-24 03:38:00,333,46.936635808279966,7.475831165818141,Egghölzli,Egghölzlistrasse 3A,3006,Bern,True,10,Active,5,Bern,3332.0,501275,38.0,2.0,E-Bike,,
2023-09-24 03:38:00,333,46.936635808279966,7.475831165818141,Egghölzli,Egghölzlistrasse 3A,3006,Bern,True,10,Active,5,Bern,3453.0,502146,20.0,2.0,E-Bike,,
2023-09-24 03:38:00,333,46.936635808279966,7.475831165818141,Egghölzli,Egghölzlistrasse 3A,3006,Bern,True,10,Active,5,Bern,2295.0,102464,,1.0,Bike,,
2023-09-24 03:38:00,348,46.97179532778565,7.44576189083437,Rossfeld,Rossfeldstrasse 7,3004,Bern,True,10,Active,5,Bern,6203.0,504364,61.0,2.0,E-Bike,,
2023-09-24 03:38:00,348,46.97179532778565,7.44576189083437,Rossfeld,Rossfeldstrasse 7,3004,Bern,True,10,Active,5,Bern,1036.0,503494,15.0,2.0,E-Bike,,
2023-09-24 03:38:00,348,46.97179532778565,7.44576189083437,Rossfeld,Rossfeldstrasse 7,3004,Bern,True,10,Active,5,Bern,6168.0,504070,36.0,2.0,E-Bike,,
2023-09-24 03:38:00,348,46.97179532778565,7.44576189083437,Rossfeld,Rossfeldstrasse 7,3004,Bern,True,10,Active,5,Bern,4341.0,501104,78.0,2.0,E-Bike,,
2023-09-24 03:38:00,348,46.97179532778565,7.44576189083437,Rossfeld,Rossfeldstrasse 7,3004,Bern,True,10,Active,5,Bern,3434.0,502225,41.0,2.0,E-Bike,,
2023-09-24 03:38:00,348,46.97179532778565,7.44576189083437,Rossfeld,Rossfeldstrasse 7,3004,Bern,True,10,Active,5,Bern,4172.0,500671,86.0,2.0,E-Bike,,
2023-09-24 03:38:00,348,46.97179532778565,7.44576189083437,Rossfeld,Rossfeldstrasse 7,3004,Bern,True,10,Active,5,Bern,2006.0,501864,77.0,2.0,E-Bike,,
2023-09-24 03:38:00,348,46.97179532778565,7.44576189083437,Rossfeld,Rossfeldstrasse 7,3004,Bern,True,10,Active,5,Bern,2550.0,101988,,1.0,Bike,,
2023-09-24 03:38:00,348,46.97179532778565,7.44576189083437,Rossfeld,Rossfeldstrasse 7,3004,Bern,True,10,Active,5,Bern,4030.0,502607,36.0,2.0,E-Bike,,
2023-09-24 03:38:00,348,46.97179532778565,7.44576189083437,Rossfeld,Rossfeldstrasse 7,3004,Bern,True,10,Active,5,Bern,2552.0,101837,,1.0,Bike,,
2023-09-24 03:38:00,348,46.97179532778565,7.44576189083437,Rossfeld,Rossfeldstrasse 7,3004,Bern,True,10,Active,5,Bern,4083.0,503478,47.0,2.0,E-Bike,,
2023-09-24 03:38:00,348,46.97179532778565,7.44576189083437,Rossfeld,Rossfeldstrasse 7,3004,Bern,True,10,Active,5,Bern,1666.0,501085,17.0,2.0,E-Bike,,
2023-09-24 03:38:00,348,46.97179532778565,7.44576189083437,Rossfeld,Rossfeldstrasse 7,3004,Bern,True,10,Active,5,Bern,3871.0,103261,,1.0,Bike,,
2023-09-24 03:38:00,348,46.97179532778565,7.44576189083437,Rossfeld,Rossfeldstrasse 7,3004,Bern,True,10,Active,5,Bern,1481.0,501782,68.0,2.0,E-Bike,,
2023-09-24 03:38:00,348,46.97179532778565,7.44576189083437,Rossfeld,Rossfeldstrasse 7,3004,Bern,True,10,Active,5,Bern,4007.0,503525,94.0,2.0,E-Bike,,
2023-09-24 03:38:00,348,46.97179532778565,7.44576189083437,Rossfeld,Rossfeldstrasse 7,3004,Bern,True,10,Active,5,Bern,2021.0,501934,92.0,2.0,E-Bike,,
2023-09-24 03:38:00,348,46.97179532778565,7.44576189083437,Rossfeld,Rossfeldstrasse 7,3004,Bern,True,10,Active,5,Bern,2735.0,101980,,1.0,Bike,,
2023-09-24 03:38:00,348,46.97179532778565,7.44576189083437,Rossfeld,Rossfeldstrasse 7,3004,Bern,True,10,Active,5,Bern,1287.0,501912,68.0,2.0,E-Bike,,
2023-09-24 03:38:00,348,46.97179532778565,7.44576189083437,Rossfeld,Rossfeldstrasse 7,3004,Bern,True,10,Active,5,Bern,2787.0,501064,15.0,2.0,E-Bike,,
2023-09-24 03:38:00,348,46.97179532778565,7.44576189083437,Rossfeld,Rossfeldstrasse 7,3004,Bern,True,10,Active,5,Bern,2521.0,501588,15.0,2.0,E-Bike,,
2023-09-24 03:38:00,348,46.97179532778565,7.44576189083437,Rossfeld,Rossfeldstrasse 7,3004,Bern,True,10,Active,5,Bern,6221.0,503913,52.0,2.0,E-Bike,,
2023-09-24 03:38:00,736,46.452185194140014,6.2910599793253486,"Bursins, Place du Soleil",Place du Soleil,1183,Bursins,True,19,Active,9,Région de Nyon,5858.0,504129,34.0,2.0,E-Bike,,
2023-09-24 03:38:00,736,46.452185194140014,6.2910599793253486,"Bursins, Place du Soleil",Place du Soleil,1183,Bursins,True,19,Active,9,Région de Nyon,5869.0,504143,29.0,2.0,E-Bike,,
2023-09-24 03:38:00,736,46.452185194140014,6.2910599793253486,"Bursins, Place du Soleil",Place du Soleil,1183,Bursins,True,19,Active,9,Région de Nyon,232.0,504147,25.0,2.0,E-Bike,,
2023-09-24 03:38:00,736,46.452185194140014,6.2910599793253486,"Bursins, Place du Soleil",Place du Soleil,1183,Bursins,True,19,Active,9,Région de Nyon,1704.0,501644,20.0,2.0,E-Bike,,
2023-09-24 03:38:00,736,46.452185194140014,6.2910599793253486,"Bursins, Place du Soleil",Place du Soleil,1183,Bursins,True,19,Active,9,Région de Nyon,5224.0,502820,58.0,2.0,E-Bike,,
2023-09-24 03:38:00,299,46.9399346,7.3825121,Waldmeisterstrasse,Waldmeisterstrasse 36,3018,Bern,True,10,Active,5,Bern,4555.0,104295,,1.0,Bike,,
2023-09-24 03:38:00,299,46.9399346,7.3825121,Waldmeisterstrasse,Waldmeisterstrasse 36,3018,Bern,True,10,Active,5,Bern,6028.0,503833,99.0,2.0,E-Bike,,
2023-09-24 03:38:00,299,46.9399346,7.3825121,Waldmeisterstrasse,Waldmeisterstrasse 36,3018,Bern,True,10,Active,5,Bern,3186.0,102186,,1.0,Bike,,
2023-09-24 03:38:00,299,46.9399346,7.3825121,Waldmeisterstrasse,Waldmeisterstrasse 36,3018,Bern,True,10,Active,5,Bern,4886.0,502957,99.0,2.0,E-Bike,,
2023-09-24 03:38:00,299,46.9399346,7.3825121,Waldmeisterstrasse,Waldmeisterstrasse 36,3018,Bern,True,10,Active,5,Bern,4000.0,103319,,1.0,Bike,,
2023-09-24 03:38:00,380,46.0090116,8.9638054,Via Dei Faggi,Viale dei Faggi,6900,Lugano,True,80,Active,3,Sottoceneri (TI),5396.0,503900,62.0,2.0,E-Bike,,
2023-09-24 03:38:00,380,46.0090116,8.9638054,Via Dei Faggi,Viale dei Faggi,6900,Lugano,True,80,Active,3,Sottoceneri (TI),5413.0,503588,55.0,2.0,E-Bike,,
2023-09-24 03:38:00,222,46.9534366,7.4239308,Hochschulzentrum von Roll,Fabrikstrasse 14,3012,Bern,True,10,Active,5,Bern,1461.0,101598,,1.0,Bike,,
2023-09-24 03:38:00,222,46.9534366,7.4239308,Hochschulzentrum von Roll,Fabrikstrasse 14,3012,Bern,True,10,Active,5,Bern,2518.0,502597,46.0,2.0,E-Bike,,
2023-09-24 03:38:00,222,46.9534366,7.4239308,Hochschulzentrum von Roll,Fabrikstrasse 14,3012,Bern,True,10,Active,5,Bern,3576.0,103002,,1.0,Bike,,
2023-09-24 03:38:00,222,46.9534366,7.4239308,Hochschulzentrum von Roll,Fabrikstrasse 14,3012,Bern,True,10,Active,5,Bern,3616.0,102979,,1.0,Bike,,
2023-09-24 03:38:00,222,46.9534366,7.4239308,Hochschulzentrum von Roll,Fabrikstrasse 14,3012,Bern,True,10,Active,5,Bern,1270.0,501954,45.0,2.0,E-Bike,,
2023-09-24 03:38:00,222,46.9534366,7.4239308,Hochschulzentrum von Roll,Fabrikstrasse 14,3012,Bern,True,10,Active,5,Bern,3316.0,503491,74.0,2.0,E-Bike,,
2023-09-24 03:38:00,222,46.9534366,7.4239308,Hochschulzentrum von Roll,Fabrikstrasse 14,3012,Bern,True,10,Active,5,Bern,5997.0,503527,81.0,2.0,E-Bike,,
2023-09-24 03:38:00,222,46.9534366,7.4239308,Hochschulzentrum von Roll,Fabrikstrasse 14,3012,Bern,True,10,Active,5,Bern,1628.0,101693,,1.0,Bike,,
2023-09-24 03:38:00,222,46.9534366,7.4239308,Hochschulzentrum von Roll,Fabrikstrasse 14,3012,Bern,True,10,Active,5,Bern,4499.0,503026,89.0,2.0,E-Bike,,
2023-09-24 03:38:00,222,46.9534366,7.4239308,Hochschulzentrum von Roll,Fabrikstrasse 14,3012,Bern,True,10,Active,5,Bern,3347.0,501279,49.0,2.0,E-Bike,,
2023-09-24 03:38:00,222,46.9534366,7.4239308,Hochschulzentrum von Roll,Fabrikstrasse 14,3012,Bern,True,10,Active,5,Bern,2983.0,104211,,1.0,Bike,,
2023-09-24 03:38:00,222,46.9534366,7.4239308,Hochschulzentrum von Roll,Fabrikstrasse 14,3012,Bern,True,10,Active,5,Bern,4977.0,502570,38.0,2.0,E-Bike,,
2023-09-24 03:38:00,222,46.9534366,7.4239308,Hochschulzentrum von Roll,Fabrikstrasse 14,3012,Bern,True,10,Active,5,Bern,1801.0,503506,91.0,2.0,E-Bike,,
2023-09-24 03:38:00,222,46.9534366,7.4239308,Hochschulzentrum von Roll,Fabrikstrasse 14,3012,Bern,True,10,Active,5,Bern,3145.0,102205,,1.0,Bike,,
2023-09-24 03:38:00,222,46.9534366,7.4239308,Hochschulzentrum von Roll,Fabrikstrasse 14,3012,Bern,True,10,Active,5,Bern,1805.0,502616,22.0,2.0,E-Bike,,
2023-09-24 03:38:00,793,46.7915080285386,7.1389768164662275,Marteray,Route de Marteray 21,1752,Villars-sur-Glâne,True,21,Active,8,Fribourg,1891.0,500924,,2.0,E-Bike,26.0,Sponsor 26
2023-09-24 03:38:00,171,46.41609,6.278163,"Gland, UICN",Rue Mauverney 28,1196,Gland,True,18,Active,9,Région de Nyon,5783.0,103332,,1.0,Bike,,
2023-09-24 03:38:00,171,46.41609,6.278163,"Gland, UICN",Rue Mauverney 28,1196,Gland,True,18,Active,9,Région de Nyon,5656.0,103307,,1.0,Bike,,
2023-09-24 03:38:00,171,46.41609,6.278163,"Gland, UICN",Rue Mauverney 28,1196,Gland,True,18,Active,9,Région de Nyon,5800.0,104011,,1.0,Bike,,
2023-09-24 03:38:00,171,46.41609,6.278163,"Gland, UICN",Rue Mauverney 28,1196,Gland,True,18,Active,9,Région de Nyon,5651.0,103344,,1.0,Bike,,
2023-09-24 03:38:00,171,46.41609,6.278163,"Gland, UICN",Rue Mauverney 28,1196,Gland,True,18,Active,9,Région de Nyon,5221.0,103967,,1.0,Bike,,
2023-09-24 03:38:00,171,46.41609,6.278163,"Gland, UICN",Rue Mauverney 28,1196,Gland,True,18,Active,9,Région de Nyon,259.0,100158,,1.0,Bike,,
2023-09-24 03:38:00,171,46.41609,6.278163,"Gland, UICN",Rue Mauverney 28,1196,Gland,True,18,Active,9,Région de Nyon,5799.0,103339,,1.0,Bike,,
2023-09-24 03:38:00,171,46.41609,6.278163,"Gland, UICN",Rue Mauverney 28,1196,Gland,True,18,Active,9,Région de Nyon,1352.0,101083,,1.0,Bike,,
2023-09-24 03:38:00,171,46.41609,6.278163,"Gland, UICN",Rue Mauverney 28,1196,Gland,True,18,Active,9,Région de Nyon,5839.0,103330,,1.0,Bike,,
2023-09-24 03:38:00,171,46.41609,6.278163,"Gland, UICN",Rue Mauverney 28,1196,Gland,True,18,Active,9,Région de Nyon,1300.0,101065,,1.0,Bike,,
2023-09-24 03:38:00,171,46.41609,6.278163,"Gland, UICN",Rue Mauverney 28,1196,Gland,True,18,Active,9,Région de Nyon,5189.0,103954,,1.0,Bike,,
2023-09-24 03:38:00,171,46.41609,6.278163,"Gland, UICN",Rue Mauverney 28,1196,Gland,True,18,Active,9,Région de Nyon,1346.0,501132,74.0,2.0,E-Bike,,
2023-09-24 03:38:00,171,46.41609,6.278163,"Gland, UICN",Rue Mauverney 28,1196,Gland,True,18,Active,9,Région de Nyon,1678.0,101084,,1.0,Bike,,
2023-09-24 03:38:00,171,46.41609,6.278163,"Gland, UICN",Rue Mauverney 28,1196,Gland,True,18,Active,9,Région de Nyon,1957.0,105052,,1.0,Bike,,
2023-09-24 03:38:00,870,46.85309,9.51228,Fachhochschule Graubünden Pulvermühlestrasse,Pulvermühlestrasse 57,7000,Chur,True,80,Active,11,Chur,1242.0,501971,61.0,2.0,E-Bike,60.0,Sponsor 60
2023-09-24 03:38:00,870,46.85309,9.51228,Fachhochschule Graubünden Pulvermühlestrasse,Pulvermühlestrasse 57,7000,Chur,True,80,Active,11,Chur,2110.0,101818,,1.0,Bike,60.0,Sponsor 60
2023-09-24 03:38:00,870,46.85309,9.51228,Fachhochschule Graubünden Pulvermühlestrasse,Pulvermühlestrasse 57,7000,Chur,True,80,Active,11,Chur,2456.0,102575,,1.0,Bike,60.0,Sponsor 60
2023-09-24 03:38:00,870,46.85309,9.51228,Fachhochschule Graubünden Pulvermühlestrasse,Pulvermühlestrasse 57,7000,Chur,True,80,Active,11,Chur,4081.0,500888,76.0,2.0,E-Bike,60.0,Sponsor 60
2023-09-24 03:38:00,870,46.85309,9.51228,Fachhochschule Graubünden Pulvermühlestrasse,Pulvermühlestrasse 57,7000,Chur,True,80,Active,11,Chur,2617.0,501060,62.0,2.0,E-Bike,60.0,Sponsor 60
2023-09-24 03:38:00,870,46.85309,9.51228,Fachhochschule Graubünden Pulvermühlestrasse,Pulvermühlestrasse 57,7000,Chur,True,80,Active,11,Chur,4419.0,500662,72.0,2.0,E-Bike,60.0,Sponsor 60
2023-09-24 03:38:00,503,46.809589,7.14687,Softcom,Route du Jura 41,1700,Fribourg,True,16,Active,8,Fribourg,1935.0,500991,10.0,2.0,E-Bike,49.0,Sponsor 49
2023-09-24 03:38:00,503,46.809589,7.14687,Softcom,Route du Jura 41,1700,Fribourg,True,16,Active,8,Fribourg,271.0,100476,45.0,2.0,E-Bike,49.0,Sponsor 49
2023-09-24 03:38:00,503,46.809589,7.14687,Softcom,Route du Jura 41,1700,Fribourg,True,16,Active,8,Fribourg,5261.0,502433,50.0,2.0,E-Bike,49.0,Sponsor 49
2023-09-24 03:38:00,503,46.809589,7.14687,Softcom,Route du Jura 41,1700,Fribourg,True,16,Active,8,Fribourg,4994.0,503023,,2.0,E-Bike,49.0,Sponsor 49
2023-09-24 03:38:00,501,46.803797,7.161559,La Neuveville,Rue de la Neuveville 37,1700,Fribourg,True,13,Active,8,Fribourg,4264.0,503159,41.0,2.0,E-Bike,26.0,Sponsor 26
2023-09-24 03:38:00,501,46.803797,7.161559,La Neuveville,Rue de la Neuveville 37,1700,Fribourg,True,13,Active,8,Fribourg,4998.0,503024,41.0,2.0,E-Bike,26.0,Sponsor 26
2023-09-24 03:38:00,501,46.803797,7.161559,La Neuveville,Rue de la Neuveville 37,1700,Fribourg,True,13,Active,8,Fribourg,5309.0,103984,,1.0,Bike,26.0,Sponsor 26
2023-09-24 03:38:00,501,46.803797,7.161559,La Neuveville,Rue de la Neuveville 37,1700,Fribourg,True,13,Active,8,Fribourg,5769.0,504101,59.0,2.0,E-Bike,26.0,Sponsor 26
2023-09-24 03:38:00,501,46.803797,7.161559,La Neuveville,Rue de la Neuveville 37,1700,Fribourg,True,13,Active,8,Fribourg,5865.0,504162,,2.0,E-Bike,26.0,Sponsor 26
2023-09-24 03:38:00,501,46.803797,7.161559,La Neuveville,Rue de la Neuveville 37,1700,Fribourg,True,13,Active,8,Fribourg,1849.0,101760,,1.0,Bike,26.0,Sponsor 26
2023-09-24 03:38:00,501,46.803797,7.161559,La Neuveville,Rue de la Neuveville 37,1700,Fribourg,True,13,Active,8,Fribourg,5762.0,104996,,1.0,Bike,26.0,Sponsor 26
2023-09-24 03:38:00,501,46.803797,7.161559,La Neuveville,Rue de la Neuveville 37,1700,Fribourg,True,13,Active,8,Fribourg,4441.0,101907,,1.0,Bike,26.0,Sponsor 26
2023-09-24 03:38:00,501,46.803797,7.161559,La Neuveville,Rue de la Neuveville 37,1700,Fribourg,True,13,Active,8,Fribourg,5327.0,103999,,1.0,Bike,26.0,Sponsor 26
2023-09-24 03:38:00,501,46.803797,7.161559,La Neuveville,Rue de la Neuveville 37,1700,Fribourg,True,13,Active,8,Fribourg,1862.0,101759,,1.0,Bike,26.0,Sponsor 26
2023-09-24 03:38:00,501,46.803797,7.161559,La Neuveville,Rue de la Neuveville 37,1700,Fribourg,True,13,Active,8,Fribourg,4265.0,503155,58.0,2.0,E-Bike,26.0,Sponsor 26
2023-09-24 03:38:00,501,46.803797,7.161559,La Neuveville,Rue de la Neuveville 37,1700,Fribourg,True,13,Active,8,Fribourg,4439.0,101913,,1.0,Bike,26.0,Sponsor 26
2023-09-24 03:38:00,501,46.803797,7.161559,La Neuveville,Rue de la Neuveville 37,1700,Fribourg,True,13,Active,8,Fribourg,4440.0,101912,,1.0,Bike,26.0,Sponsor 26
2023-09-24 03:38:00,501,46.803797,7.161559,La Neuveville,Rue de la Neuveville 37,1700,Fribourg,True,13,Active,8,Fribourg,5241.0,502422,51.0,2.0,E-Bike,26.0,Sponsor 26
2023-09-24 03:38:00,501,46.803797,7.161559,La Neuveville,Rue de la Neuveville 37,1700,Fribourg,True,13,Active,8,Fribourg,5314.0,103986,,1.0,Bike,26.0,Sponsor 26
2023-09-24 03:38:00,501,46.803797,7.161559,La Neuveville,Rue de la Neuveville 37,1700,Fribourg,True,13,Active,8,Fribourg,5315.0,103982,,1.0,Bike,26.0,Sponsor 26
2023-09-24 03:38:00,501,46.803797,7.161559,La Neuveville,Rue de la Neuveville 37,1700,Fribourg,True,13,Active,8,Fribourg,5874.0,504169,38.0,2.0,E-Bike,26.0,Sponsor 26
2023-09-24 03:38:00,501,46.803797,7.161559,La Neuveville,Rue de la Neuveville 37,1700,Fribourg,True,13,Active,8,Fribourg,1855.0,101749,,1.0,Bike,26.0,Sponsor 26
2023-09-24 03:38:00,501,46.803797,7.161559,La Neuveville,Rue de la Neuveville 37,1700,Fribourg,True,13,Active,8,Fribourg,4252.0,503150,41.0,2.0,E-Bike,26.0,Sponsor 26
2023-09-24 03:38:00,20,46.506896,6.626253,Ouchy,Place de la Navigation,1006,Lausanne,True,19,Active,2,Lausanne-Morges,6052.0,104972,,1.0,Bike,11.0,Sponsor 11
2023-09-24 03:38:00,20,46.506896,6.626253,Ouchy,Place de la Navigation,1006,Lausanne,True,19,Active,2,Lausanne-Morges,32.0,100389,16.0,2.0,E-Bike,11.0,Sponsor 11
2023-09-24 03:38:00,20,46.506896,6.626253,Ouchy,Place de la Navigation,1006,Lausanne,True,19,Active,2,Lausanne-Morges,298.0,100136,,1.0,Bike,11.0,Sponsor 11
2023-09-24 03:38:00,20,46.506896,6.626253,Ouchy,Place de la Navigation,1006,Lausanne,True,19,Active,2,Lausanne-Morges,6054.0,104160,,1.0,Bike,11.0,Sponsor 11
2023-09-24 03:38:00,20,46.506896,6.626253,Ouchy,Place de la Navigation,1006,Lausanne,True,19,Active,2,Lausanne-Morges,6115.0,504262,13.0,2.0,E-Bike,11.0,Sponsor 11
2023-09-24 03:38:00,20,46.506896,6.626253,Ouchy,Place de la Navigation,1006,Lausanne,True,19,Active,2,Lausanne-Morges,50.0,100440,18.0,2.0,E-Bike,11.0,Sponsor 11
2023-09-24 03:38:00,20,46.506896,6.626253,Ouchy,Place de la Navigation,1006,Lausanne,True,19,Active,2,Lausanne-Morges,6048.0,104965,,1.0,Bike,11.0,Sponsor 11
2023-09-24 03:38:00,20,46.506896,6.626253,Ouchy,Place de la Navigation,1006,Lausanne,True,19,Active,2,Lausanne-Morges,474.0,101223,,1.0,Bike,11.0,Sponsor 11
2023-09-24 03:38:00,20,46.506896,6.626253,Ouchy,Place de la Navigation,1006,Lausanne,True,19,Active,2,Lausanne-Morges,427.0,101028,,1.0,Bike,11.0,Sponsor 11
2023-09-24 03:38:00,20,46.506896,6.626253,Ouchy,Place de la Navigation,1006,Lausanne,True,19,Active,2,Lausanne-Morges,2065.0,104622,,1.0,Bike,11.0,Sponsor 11
2023-09-24 03:38:00,20,46.506896,6.626253,Ouchy,Place de la Navigation,1006,Lausanne,True,19,Active,2,Lausanne-Morges,2071.0,104629,,1.0,Bike,11.0,Sponsor 11
2023-09-24 03:38:00,813,46.77578804990217,7.156581598521503,Ecoquartier Marly,Route du Moulin,1723,Marly,True,24,Active,8,Fribourg,5695.0,504185,74.0,2.0,E-Bike,30.0,Sponsor 30
2023-09-24 03:38:00,813,46.77578804990217,7.156581598521503,Ecoquartier Marly,Route du Moulin,1723,Marly,True,24,Active,8,Fribourg,1913.0,500976,25.0,2.0,E-Bike,30.0,Sponsor 30
2023-09-24 03:38:00,813,46.77578804990217,7.156581598521503,Ecoquartier Marly,Route du Moulin,1723,Marly,True,24,Active,8,Fribourg,5257.0,502429,60.0,2.0,E-Bike,30.0,Sponsor 30
2023-09-24 03:38:00,813,46.77578804990217,7.156581598521503,Ecoquartier Marly,Route du Moulin,1723,Marly,True,24,Active,8,Fribourg,4271.0,503164,90.0,2.0,E-Bike,30.0,Sponsor 30
2023-09-24 03:38:00,813,46.77578804990217,7.156581598521503,Ecoquartier Marly,Route du Moulin,1723,Marly,True,24,Active,8,Fribourg,5689.0,501131,,2.0,E-Bike,30.0,Sponsor 30
2023-09-24 03:38:00,724,45.85527,8.93759,Stabio Via Arca,Via Arca,6855,Stabio,True,21,Active,3,Sottoceneri (TI),5135.0,104127,,1.0,Bike,,
2023-09-24 03:38:00,724,45.85527,8.93759,Stabio Via Arca,Via Arca,6855,Stabio,True,21,Active,3,Sottoceneri (TI),5073.0,502891,67.0,2.0,E-Bike,,
2023-09-24 03:38:00,724,45.85527,8.93759,Stabio Via Arca,Via Arca,6855,Stabio,True,21,Active,3,Sottoceneri (TI),5015.0,502825,58.0,2.0,E-Bike,,
2023-09-24 03:38:00,724,45.85527,8.93759,Stabio Via Arca,Via Arca,6855,Stabio,True,21,Active,3,Sottoceneri (TI),5381.0,104500,,1.0,Bike,,
2023-09-24 03:38:00,724,45.85527,8.93759,Stabio Via Arca,Via Arca,6855,Stabio,True,21,Active,3,Sottoceneri (TI),5167.0,104012,,1.0,Bike,,
2023-09-24 03:38:00,842,46.93658906078831,7.395474687081315,Weidmattweg,Weidmattweg 1,3018,Bern,True,80,Active (empty),5,Bern,,,,,,,
2023-09-24 03:38:00,37,46.537813,6.581462,Place du Marché,Rue du Midi,1020,Renens,True,22,Active (empty),2,Lausanne-Morges,,,,,,14.0,Sponsor 14
2023-09-24 03:38:00,117,46.95675,7.46789,Mingerstrasse,Mingerstrasse 20,3006,Bern,True,26,Active,5,Bern,4327.0,503178,35.0,2.0,E-Bike,,
2023-09-24 03:38:00,117,46.95675,7.46789,Mingerstrasse,Mingerstrasse 20,3006,Bern,True,26,Active,5,Bern,1222.0,101532,,1.0,Bike,,
2023-09-24 03:38:00,117,46.95675,7.46789,Mingerstrasse,Mingerstrasse 20,3006,Bern,True,26,Active,5,Bern,3859.0,103244,,1.0,Bike,,
2023-09-24 03:38:00,117,46.95675,7.46789,Mingerstrasse,Mingerstrasse 20,3006,Bern,True,26,Active,5,Bern,1074.0,101484,,1.0,Bike,,
2023-09-24 03:38:00,117,46.95675,7.46789,Mingerstrasse,Mingerstrasse 20,3006,Bern,True,26,Active,5,Bern,3989.0,103391,,1.0,Bike,,
2023-09-24 03:38:00,117,46.95675,7.46789,Mingerstrasse,Mingerstrasse 20,3006,Bern,True,26,Active,5,Bern,1474.0,101589,,1.0,Bike,,
2023-09-24 03:38:00,117,46.95675,7.46789,Mingerstrasse,Mingerstrasse 20,3006,Bern,True,26,Active,5,Bern,1500.0,101618,,1.0,Bike,,
2023-09-24 03:38:00,117,46.95675,7.46789,Mingerstrasse,Mingerstrasse 20,3006,Bern,True,26,Active,5,Bern,1616.0,101673,,1.0,Bike,,
2023-09-24 03:38:00,455,47.385711,8.499287,Letzipark,Baslerstrasse 51,8048,Zürich,True,13,Active,6,Zürich,3115.0,102847,,1.0,Bike,,
2023-09-24 03:38:00,455,47.385711,8.499287,Letzipark,Baslerstrasse 51,8048,Zürich,True,13,Active,6,Zürich,3075.0,101868,,1.0,Bike,,
2023-09-24 03:38:00,455,47.385711,8.499287,Letzipark,Baslerstrasse 51,8048,Zürich,True,13,Active,6,Zürich,2216.0,101799,,1.0,Bike,,
2023-09-24 03:38:00,455,47.385711,8.499287,Letzipark,Baslerstrasse 51,8048,Zürich,True,13,Active,6,Zürich,1518.0,101640,,1.0,Bike,,
2023-09-24 03:38:00,455,47.385711,8.499287,Letzipark,Baslerstrasse 51,8048,Zürich,True,13,Active,6,Zürich,2603.0,501059,19.0,2.0,E-Bike,,
2023-09-24 03:38:00,455,47.385711,8.499287,Letzipark,Baslerstrasse 51,8048,Zürich,True,13,Active,6,Zürich,857.0,503659,26.0,2.0,E-Bike,,
2023-09-24 03:38:00,455,47.385711,8.499287,Letzipark,Baslerstrasse 51,8048,Zürich,True,13,Active,6,Zürich,647.0,104659,,1.0,Bike,,
2023-09-24 03:38:00,455,47.385711,8.499287,Letzipark,Baslerstrasse 51,8048,Zürich,True,13,Active,6,Zürich,3508.0,500776,41.0,2.0,E-Bike,,
2023-09-24 03:38:00,455,47.385711,8.499287,Letzipark,Baslerstrasse 51,8048,Zürich,True,13,Active,6,Zürich,4670.0,503135,22.0,2.0,E-Bike,,
2023-09-24 03:38:00,455,47.385711,8.499287,Letzipark,Baslerstrasse 51,8048,Zürich,True,13,Active,6,Zürich,3695.0,103094,,1.0,Bike,,
2023-09-24 03:38:00,455,47.385711,8.499287,Letzipark,Baslerstrasse 51,8048,Zürich,True,13,Active,6,Zürich,4716.0,500685,20.0,2.0,E-Bike,,
2023-09-24 03:38:00,455,47.385711,8.499287,Letzipark,Baslerstrasse 51,8048,Zürich,True,13,Active,6,Zürich,4854.0,500597,54.0,2.0,E-Bike,,
2023-09-24 03:38:00,455,47.385711,8.499287,Letzipark,Baslerstrasse 51,8048,Zürich,True,13,Active,6,Zürich,4386.0,503231,22.0,2.0,E-Bike,,
2023-09-24 03:38:00,455,47.385711,8.499287,Letzipark,Baslerstrasse 51,8048,Zürich,True,13,Active,6,Zürich,2896.0,102672,,1.0,Bike,,
2023-09-24 03:38:00,455,47.385711,8.499287,Letzipark,Baslerstrasse 51,8048,Zürich,True,13,Active,6,Zürich,3936.0,103297,,1.0,Bike,,
2023-09-24 03:38:00,455,47.385711,8.499287,Letzipark,Baslerstrasse 51,8048,Zürich,True,13,Active,6,Zürich,694.0,101460,,1.0,Bike,,
2023-09-24 03:38:00,455,47.385711,8.499287,Letzipark,Baslerstrasse 51,8048,Zürich,True,13,Active,6,Zürich,619.0,101463,,1.0,Bike,,
2023-09-24 03:38:00,455,47.385711,8.499287,Letzipark,Baslerstrasse 51,8048,Zürich,True,13,Active,6,Zürich,3747.0,103124,,1.0,Bike,,
2023-09-24 03:38:00,455,47.385711,8.499287,Letzipark,Baslerstrasse 51,8048,Zürich,True,13,Active,6,Zürich,2197.0,101784,,1.0,Bike,,
2023-09-24 03:38:00,455,47.385711,8.499287,Letzipark,Baslerstrasse 51,8048,Zürich,True,13,Active,6,Zürich,4732.0,104013,,1.0,Bike,,
2023-09-24 03:38:00,455,47.385711,8.499287,Letzipark,Baslerstrasse 51,8048,Zürich,True,13,Active,6,Zürich,4689.0,500679,59.0,2.0,E-Bike,,
2023-09-24 03:38:00,455,47.385711,8.499287,Letzipark,Baslerstrasse 51,8048,Zürich,True,13,Active,6,Zürich,2819.0,503732,24.0,2.0,E-Bike,,
2023-09-24 03:38:00,455,47.385711,8.499287,Letzipark,Baslerstrasse 51,8048,Zürich,True,13,Active,6,Zürich,3040.0,102719,,1.0,Bike,,
2023-09-24 03:38:00,143,47.3899,8.523722,Escher-Wyss-Platz,Limmatstrasse 310,8005,Zürich,True,19,Active (empty),6,Zürich,,,,,,,
2023-09-24 03:38:00,702,47.377779,8.546183,ETH Zentrum Leonhardstrasse,Leonhardstrasse 25a,8001,Zürich,True,80,Active (empty),6,Zürich,,,,,,,
2023-09-24 03:38:00,325,46.9360173,7.4300596,Bahnhof Weissenbühl,Südbahnhofstrasse 14b,3007,Bern,True,13,Active,5,Bern,1972.0,501079,32.0,2.0,E-Bike,,
2023-09-24 03:38:00,325,46.9360173,7.4300596,Bahnhof Weissenbühl,Südbahnhofstrasse 14b,3007,Bern,True,13,Active,5,Bern,1023.0,500349,12.0,2.0,E-Bike,,
2023-09-24 03:38:00,325,46.9360173,7.4300596,Bahnhof Weissenbühl,Südbahnhofstrasse 14b,3007,Bern,True,13,Active,5,Bern,4332.0,503189,72.0,2.0,E-Bike,,
2023-09-24 03:38:00,325,46.9360173,7.4300596,Bahnhof Weissenbühl,Südbahnhofstrasse 14b,3007,Bern,True,13,Active,5,Bern,3848.0,504468,79.0,2.0,E-Bike,,
2023-09-24 03:38:00,325,46.9360173,7.4300596,Bahnhof Weissenbühl,Südbahnhofstrasse 14b,3007,Bern,True,13,Active,5,Bern,2556.0,101855,,1.0,Bike,,
2023-09-24 03:38:00,325,46.9360173,7.4300596,Bahnhof Weissenbühl,Südbahnhofstrasse 14b,3007,Bern,True,13,Active,5,Bern,4912.0,502630,14.0,2.0,E-Bike,,
2023-09-24 03:38:00,325,46.9360173,7.4300596,Bahnhof Weissenbühl,Südbahnhofstrasse 14b,3007,Bern,True,13,Active,5,Bern,2364.0,102496,,1.0,Bike,,
2023-09-24 03:38:00,180,46.9477116,7.3774722,Gäbelbach,Colombstrasse 11,3027,Bern,True,6,Active,5,Bern,1089.0,101317,,1.0,Bike,,
2023-09-24 03:38:00,180,46.9477116,7.3774722,Gäbelbach,Colombstrasse 11,3027,Bern,True,6,Active,5,Bern,1113.0,500449,83.0,2.0,E-Bike,,
2023-09-24 03:38:00,180,46.9477116,7.3774722,Gäbelbach,Colombstrasse 11,3027,Bern,True,6,Active,5,Bern,1000.0,104542,,1.0,Bike,,
2023-09-24 03:38:00,180,46.9477116,7.3774722,Gäbelbach,Colombstrasse 11,3027,Bern,True,6,Active,5,Bern,3483.0,502159,99.0,2.0,E-Bike,,
2023-09-24 03:38:00,180,46.9477116,7.3774722,Gäbelbach,Colombstrasse 11,3027,Bern,True,6,Active,5,Bern,1042.0,500425,98.0,2.0,E-Bike,,
2023-09-24 03:38:00,180,46.9477116,7.3774722,Gäbelbach,Colombstrasse 11,3027,Bern,True,6,Active,5,Bern,3720.0,103110,,1.0,Bike,,
2023-09-24 03:38:00,180,46.9477116,7.3774722,Gäbelbach,Colombstrasse 11,3027,Bern,True,6,Active,5,Bern,2699.0,102093,,1.0,Bike,,
2023-09-24 03:38:00,180,46.9477116,7.3774722,Gäbelbach,Colombstrasse 11,3027,Bern,True,6,Active,5,Bern,2265.0,102047,,1.0,Bike,,
2023-09-24 03:38:00,180,46.9477116,7.3774722,Gäbelbach,Colombstrasse 11,3027,Bern,True,6,Active,5,Bern,1413.0,500497,99.0,2.0,E-Bike,,
2023-09-24 03:38:00,180,46.9477116,7.3774722,Gäbelbach,Colombstrasse 11,3027,Bern,True,6,Active,5,Bern,2759.0,102134,,1.0,Bike,,
2023-09-24 03:38:00,180,46.9477116,7.3774722,Gäbelbach,Colombstrasse 11,3027,Bern,True,6,Active,5,Bern,3850.0,103266,,1.0,Bike,,
2023-09-24 03:38:00,180,46.9477116,7.3774722,Gäbelbach,Colombstrasse 11,3027,Bern,True,6,Active,5,Bern,1109.0,500379,99.0,2.0,E-Bike,,
2023-09-24 03:38:00,180,46.9477116,7.3774722,Gäbelbach,Colombstrasse 11,3027,Bern,True,6,Active,5,Bern,4556.0,104271,,1.0,Bike,,
2023-09-24 03:38:00,180,46.9477116,7.3774722,Gäbelbach,Colombstrasse 11,3027,Bern,True,6,Active,5,Bern,2133.0,101937,,1.0,Bike,,
2023-09-24 03:38:00,559,47.374241,8.525602,Bezirksgebäude,Badenerstrasse 90,8004,Zürich,True,19,Active,6,Zürich,447.0,101254,,1.0,Bike,,
2023-09-24 03:38:00,559,47.374241,8.525602,Bezirksgebäude,Badenerstrasse 90,8004,Zürich,True,19,Active,6,Zürich,3296.0,102889,,1.0,Bike,,
2023-09-24 03:38:00,559,47.374241,8.525602,Bezirksgebäude,Badenerstrasse 90,8004,Zürich,True,19,Active,6,Zürich,1817.0,101350,,1.0,Bike,,
2023-09-24 03:38:00,108,47.386741,8.518982,Bahnhof Hardbrücke,Geroldstrasse 4,8005,Zürich,True,32,Active,6,Zürich,457.0,104509,,1.0,Bike,,
2023-09-24 03:38:00,108,47.386741,8.518982,Bahnhof Hardbrücke,Geroldstrasse 4,8005,Zürich,True,32,Active,6,Zürich,3091.0,102630,,1.0,Bike,,
2023-09-24 03:38:00,108,47.386741,8.518982,Bahnhof Hardbrücke,Geroldstrasse 4,8005,Zürich,True,32,Active,6,Zürich,1574.0,101661,,1.0,Bike,,
2023-09-24 03:38:00,108,47.386741,8.518982,Bahnhof Hardbrücke,Geroldstrasse 4,8005,Zürich,True,32,Active,6,Zürich,559.0,101186,,1.0,Bike,,
2023-09-24 03:38:00,291,46.9635131,7.4555218,Markuskirche,Winkelriedstrasse 56,3014,Bern,True,80,Active,5,Bern,1632.0,501710,36.0,2.0,E-Bike,,
2023-09-24 03:38:00,291,46.9635131,7.4555218,Markuskirche,Winkelriedstrasse 56,3014,Bern,True,80,Active,5,Bern,1390.0,501873,80.0,2.0,E-Bike,,
2023-09-24 03:38:00,291,46.9635131,7.4555218,Markuskirche,Winkelriedstrasse 56,3014,Bern,True,80,Active,5,Bern,1256.0,501988,88.0,2.0,E-Bike,,
2023-09-24 03:38:00,235,46.793372,7.1584206,Uni Pérolles,Boulevard de Pérolles 95,1700,Fribourg,True,40,Active,8,Fribourg,5290.0,502449,24.0,2.0,E-Bike,26.0,Sponsor 26
2023-09-24 03:38:00,235,46.793372,7.1584206,Uni Pérolles,Boulevard de Pérolles 95,1700,Fribourg,True,40,Active,8,Fribourg,5965.0,503932,28.0,2.0,E-Bike,26.0,Sponsor 26
2023-09-24 03:38:00,235,46.793372,7.1584206,Uni Pérolles,Boulevard de Pérolles 95,1700,Fribourg,True,40,Active,8,Fribourg,1845.0,101763,,1.0,Bike,26.0,Sponsor 26
2023-09-24 03:38:00,235,46.793372,7.1584206,Uni Pérolles,Boulevard de Pérolles 95,1700,Fribourg,True,40,Active,8,Fribourg,4485.0,503002,14.0,2.0,E-Bike,26.0,Sponsor 26
2023-09-24 03:38:00,235,46.793372,7.1584206,Uni Pérolles,Boulevard de Pérolles 95,1700,Fribourg,True,40,Active,8,Fribourg,4483.0,503013,43.0,2.0,E-Bike,26.0,Sponsor 26
2023-09-24 03:38:00,235,46.793372,7.1584206,Uni Pérolles,Boulevard de Pérolles 95,1700,Fribourg,True,40,Active,8,Fribourg,5274.0,502446,,2.0,E-Bike,26.0,Sponsor 26
2023-09-24 03:38:00,235,46.793372,7.1584206,Uni Pérolles,Boulevard de Pérolles 95,1700,Fribourg,True,40,Active,8,Fribourg,5824.0,104063,,1.0,Bike,26.0,Sponsor 26
2023-09-24 03:38:00,235,46.793372,7.1584206,Uni Pérolles,Boulevard de Pérolles 95,1700,Fribourg,True,40,Active,8,Fribourg,1880.0,501206,40.0,2.0,E-Bike,26.0,Sponsor 26
2023-09-24 03:38:00,235,46.793372,7.1584206,Uni Pérolles,Boulevard de Pérolles 95,1700,Fribourg,True,40,Active,8,Fribourg,4459.0,101936,,1.0,Bike,26.0,Sponsor 26
2023-09-24 03:38:00,235,46.793372,7.1584206,Uni Pérolles,Boulevard de Pérolles 95,1700,Fribourg,True,40,Active,8,Fribourg,5687.0,504198,,2.0,E-Bike,26.0,Sponsor 26
2023-09-24 03:38:00,94,47.3758639,8.5354006,Gessnerallee,Gessnerallee 15,8001,Zürich,True,29,Active (empty),6,Zürich,,,,,,,
2023-09-24 03:38:00,462,46.9558281,7.4529965,Spitalacker Schulhaus,Beundenfeldstrasse 13,3013,Bern,True,29,Active,5,Bern,1965.0,501989,37.0,2.0,E-Bike,,
2023-09-24 03:38:00,131,47.365045,8.553922,Kreuzplatz,Kreuzplatz 1,8032,Zürich,True,18,Active,6,Zürich,4771.0,500513,70.0,2.0,E-Bike,,
2023-09-24 03:38:00,131,47.365045,8.553922,Kreuzplatz,Kreuzplatz 1,8032,Zürich,True,18,Active,6,Zürich,4399.0,503256,,2.0,E-Bike,,
2023-09-24 03:38:00,131,47.365045,8.553922,Kreuzplatz,Kreuzplatz 1,8032,Zürich,True,18,Active,6,Zürich,3965.0,500836,18.0,2.0,E-Bike,,
2023-09-24 03:38:00,131,47.365045,8.553922,Kreuzplatz,Kreuzplatz 1,8032,Zürich,True,18,Active,6,Zürich,4785.0,502405,35.0,2.0,E-Bike,,
2023-09-24 03:38:00,771,47.403145,8.609221,Eawag,Ueberlandstrasse 137,8600,Dübendorf,True,40,Active,6,Zürich,645.0,104462,,1.0,Bike,,
2023-09-24 03:38:00,675,46.95906857,7.47775778,Burgfeld,Mittelholzerstrasse 30,3006,Bern,True,80,Active,5,Bern,1418.0,501472,19.0,2.0,E-Bike,,
2023-09-24 03:38:00,675,46.95906857,7.47775778,Burgfeld,Mittelholzerstrasse 30,3006,Bern,True,80,Active,5,Bern,3581.0,102252,,1.0,Bike,,
2023-09-24 03:38:00,160,47.385718,8.524762,Josefwiese,Otto-Str. 25,8005,Zürich,True,22,Active,6,Zürich,2388.0,104703,,1.0,Bike,,
2023-09-24 03:38:00,523,47.43117,8.55845,Bahnhof Glattbrugg,Bahnhofplatz 1,8152,Opfikon,True,16,Active,6,Zürich,2730.0,501037,56.0,2.0,E-Bike,,
2023-09-24 03:38:00,629,46.009397,8.931591,Centro Giovanile,Via Dott. Giov. Polar. 34,6932,Breganzona,True,80,Active,3,Sottoceneri (TI),4117.0,501525,50.0,2.0,E-Bike,,
2023-09-24 03:38:00,629,46.009397,8.931591,Centro Giovanile,Via Dott. Giov. Polar. 34,6932,Breganzona,True,80,Active,3,Sottoceneri (TI),5479.0,503608,21.0,2.0,E-Bike,,
2023-09-24 03:38:00,629,46.009397,8.931591,Centro Giovanile,Via Dott. Giov. Polar. 34,6932,Breganzona,True,80,Active,3,Sottoceneri (TI),4128.0,501519,46.0,2.0,E-Bike,,
2023-09-24 03:38:00,219,46.9514853,7.4303815,Bühlstrasse Uni,Bühlstrasse 37,3012,Bern,True,16,Active,5,Bern,2962.0,102170,,1.0,Bike,,
2023-09-24 03:38:00,219,46.9514853,7.4303815,Bühlstrasse Uni,Bühlstrasse 37,3012,Bern,True,16,Active,5,Bern,4591.0,503063,68.0,2.0,E-Bike,,
2023-09-24 03:38:00,683,46.948471616973904,7.450529302235038,Rathausgasse,Rathausgasse 31,3000,Bern,True,80,Active,5,Bern,3211.0,102745,,1.0,Bike,,
2023-09-24 03:38:00,683,46.948471616973904,7.450529302235038,Rathausgasse,Rathausgasse 31,3000,Bern,True,80,Active,5,Bern,2159.0,104216,,1.0,Bike,,
2023-09-24 03:38:00,683,46.948471616973904,7.450529302235038,Rathausgasse,Rathausgasse 31,3000,Bern,True,80,Active,5,Bern,3163.0,102194,,1.0,Bike,,
2023-09-24 03:38:00,683,46.948471616973904,7.450529302235038,Rathausgasse,Rathausgasse 31,3000,Bern,True,80,Active,5,Bern,1471.0,101594,,1.0,Bike,,
2023-09-24 03:38:00,683,46.948471616973904,7.450529302235038,Rathausgasse,Rathausgasse 31,3000,Bern,True,80,Active,5,Bern,4547.0,104274,,1.0,Bike,,
2023-09-24 03:38:00,683,46.948471616973904,7.450529302235038,Rathausgasse,Rathausgasse 31,3000,Bern,True,80,Active,5,Bern,3992.0,103323,,1.0,Bike,,
2023-09-24 03:38:00,683,46.948471616973904,7.450529302235038,Rathausgasse,Rathausgasse 31,3000,Bern,True,80,Active,5,Bern,2139.0,102366,,1.0,Bike,,
2023-09-24 03:38:00,683,46.948471616973904,7.450529302235038,Rathausgasse,Rathausgasse 31,3000,Bern,True,80,Active,5,Bern,1050.0,104223,,1.0,Bike,,
2023-09-24 03:38:00,683,46.948471616973904,7.450529302235038,Rathausgasse,Rathausgasse 31,3000,Bern,True,80,Active,5,Bern,3723.0,103073,,1.0,Bike,,
2023-09-24 03:38:00,210,45.996253,8.900957,Agno FLP,Via Stazione 2,6982,Agno,True,80,Active,3,Sottoceneri (TI),5362.0,104684,,1.0,Bike,,
2023-09-24 03:38:00,210,45.996253,8.900957,Agno FLP,Via Stazione 2,6982,Agno,True,80,Active,3,Sottoceneri (TI),4189.0,101919,,1.0,Bike,,
2023-09-24 03:38:00,210,45.996253,8.900957,Agno FLP,Via Stazione 2,6982,Agno,True,80,Active,3,Sottoceneri (TI),5431.0,503574,92.0,2.0,E-Bike,,
2023-09-24 03:38:00,210,45.996253,8.900957,Agno FLP,Via Stazione 2,6982,Agno,True,80,Active,3,Sottoceneri (TI),4066.0,102935,,1.0,Bike,,
2023-09-24 03:38:00,210,45.996253,8.900957,Agno FLP,Via Stazione 2,6982,Agno,True,80,Active,3,Sottoceneri (TI),1784.0,501301,,2.0,E-Bike,,
2023-09-24 03:38:00,210,45.996253,8.900957,Agno FLP,Via Stazione 2,6982,Agno,True,80,Active,3,Sottoceneri (TI),5516.0,104566,,1.0,Bike,,
2023-09-24 03:38:00,637,46.79427,7.155003,Route Albert-Gockel,Route Albert-Gockel,1700,Fribourg,True,24,Active (empty),8,Fribourg,,,,,,26.0,Sponsor 26
2023-09-24 03:38:00,101,47.3625938,8.5348427,Rentenanstalt,Breitingerstrasse 5,8002,Zürich,True,19,Active,6,Zürich,485.0,104705,,1.0,Bike,,
2023-09-24 03:38:00,101,47.3625938,8.5348427,Rentenanstalt,Breitingerstrasse 5,8002,Zürich,True,19,Active,6,Zürich,613.0,101375,,1.0,Bike,,
2023-09-24 03:38:00,101,47.3625938,8.5348427,Rentenanstalt,Breitingerstrasse 5,8002,Zürich,True,19,Active,6,Zürich,3300.0,102883,,1.0,Bike,,
2023-09-24 03:38:00,101,47.3625938,8.5348427,Rentenanstalt,Breitingerstrasse 5,8002,Zürich,True,19,Active,6,Zürich,2431.0,102557,,1.0,Bike,,
2023-09-24 03:38:00,101,47.3625938,8.5348427,Rentenanstalt,Breitingerstrasse 5,8002,Zürich,True,19,Active,6,Zürich,3703.0,103065,,1.0,Bike,,
2023-09-24 03:38:00,101,47.3625938,8.5348427,Rentenanstalt,Breitingerstrasse 5,8002,Zürich,True,19,Active,6,Zürich,2393.0,102021,,1.0,Bike,,
2023-09-24 03:38:00,508,46.80295,7.15966,La Motta,Petites-Rames 18,1700,Fribourg,True,13,Active,8,Fribourg,5811.0,104475,,1.0,Bike,26.0,Sponsor 26
2023-09-24 03:38:00,508,46.80295,7.15966,La Motta,Petites-Rames 18,1700,Fribourg,True,13,Active,8,Fribourg,5978.0,503936,38.0,2.0,E-Bike,26.0,Sponsor 26
2023-09-24 03:38:00,508,46.80295,7.15966,La Motta,Petites-Rames 18,1700,Fribourg,True,13,Active,8,Fribourg,5323.0,104000,,1.0,Bike,26.0,Sponsor 26
2023-09-24 03:38:00,508,46.80295,7.15966,La Motta,Petites-Rames 18,1700,Fribourg,True,13,Active,8,Fribourg,5927.0,503978,54.0,2.0,E-Bike,26.0,Sponsor 26
2023-09-24 03:38:00,508,46.80295,7.15966,La Motta,Petites-Rames 18,1700,Fribourg,True,13,Active,8,Fribourg,5975.0,504058,14.0,2.0,E-Bike,26.0,Sponsor 26
2023-09-24 03:38:00,508,46.80295,7.15966,La Motta,Petites-Rames 18,1700,Fribourg,True,13,Active,8,Fribourg,1909.0,500959,52.0,2.0,E-Bike,26.0,Sponsor 26
2023-09-24 03:38:00,508,46.80295,7.15966,La Motta,Petites-Rames 18,1700,Fribourg,True,13,Active,8,Fribourg,5730.0,504116,69.0,2.0,E-Bike,26.0,Sponsor 26
2023-09-24 03:38:00,508,46.80295,7.15966,La Motta,Petites-Rames 18,1700,Fribourg,True,13,Active,8,Fribourg,5828.0,104480,,1.0,Bike,26.0,Sponsor 26
2023-09-24 03:38:00,508,46.80295,7.15966,La Motta,Petites-Rames 18,1700,Fribourg,True,13,Active,8,Fribourg,5880.0,503989,21.0,2.0,E-Bike,26.0,Sponsor 26
2023-09-24 03:38:00,508,46.80295,7.15966,La Motta,Petites-Rames 18,1700,Fribourg,True,13,Active,8,Fribourg,5298.0,502456,13.0,2.0,E-Bike,26.0,Sponsor 26
2023-09-24 03:38:00,508,46.80295,7.15966,La Motta,Petites-Rames 18,1700,Fribourg,True,13,Active,8,Fribourg,1874.0,500917,,2.0,E-Bike,26.0,Sponsor 26
2023-09-24 03:38:00,508,46.80295,7.15966,La Motta,Petites-Rames 18,1700,Fribourg,True,13,Active,8,Fribourg,4244.0,501493,,2.0,E-Bike,26.0,Sponsor 26
2023-09-24 03:38:00,508,46.80295,7.15966,La Motta,Petites-Rames 18,1700,Fribourg,True,13,Active,8,Fribourg,4279.0,503166,53.0,2.0,E-Bike,26.0,Sponsor 26
2023-09-24 03:38:00,691,45.856501,8.988615,ColdreBike,Via San Gottardo,6877,Coldrerio,True,24,Active,3,Sottoceneri (TI),144.0,100295,66.0,2.0,E-Bike,,
2023-09-24 03:38:00,691,45.856501,8.988615,ColdreBike,Via San Gottardo,6877,Coldrerio,True,24,Active,3,Sottoceneri (TI),127.0,100246,77.0,2.0,E-Bike,,
2023-09-24 03:38:00,691,45.856501,8.988615,ColdreBike,Via San Gottardo,6877,Coldrerio,True,24,Active,3,Sottoceneri (TI),156.0,100179,,1.0,Bike,,
2023-09-24 03:38:00,625,46.03702,8.954823,Comano Centro Prospò,Parcheggio Chiesa Comano,6949,Comano,True,54,Active,3,Sottoceneri (TI),5018.0,502847,87.0,2.0,E-Bike,,
2023-09-24 03:38:00,202,46.9565421,7.4317735,Neufeldstrasse,Neufeldstrasse 20,3012,Bern,True,10,Active,5,Bern,1184.0,500391,43.0,2.0,E-Bike,,
2023-09-24 03:38:00,202,46.9565421,7.4317735,Neufeldstrasse,Neufeldstrasse 20,3012,Bern,True,10,Active,5,Bern,2164.0,101999,,1.0,Bike,,
2023-09-24 03:38:00,202,46.9565421,7.4317735,Neufeldstrasse,Neufeldstrasse 20,3012,Bern,True,10,Active,5,Bern,3011.0,102328,,1.0,Bike,,
2023-09-24 03:38:00,202,46.9565421,7.4317735,Neufeldstrasse,Neufeldstrasse 20,3012,Bern,True,10,Active,5,Bern,4037.0,500805,65.0,2.0,E-Bike,,
2023-09-24 03:38:00,202,46.9565421,7.4317735,Neufeldstrasse,Neufeldstrasse 20,3012,Bern,True,10,Active,5,Bern,2769.0,101864,,1.0,Bike,,
2023-09-24 03:38:00,202,46.9565421,7.4317735,Neufeldstrasse,Neufeldstrasse 20,3012,Bern,True,10,Active,5,Bern,3431.0,502229,94.0,2.0,E-Bike,,
2023-09-24 03:38:00,202,46.9565421,7.4317735,Neufeldstrasse,Neufeldstrasse 20,3012,Bern,True,10,Active,5,Bern,3862.0,103270,,1.0,Bike,,
2023-09-24 03:38:00,202,46.9565421,7.4317735,Neufeldstrasse,Neufeldstrasse 20,3012,Bern,True,10,Active,5,Bern,3787.0,103175,,1.0,Bike,,
2023-09-24 03:38:00,569,47.405751,8.539016,Freibad Allenmoos,Ringstrasse 82,8057,Zürich,True,24,Active,6,Zürich,920.0,500087,60.0,2.0,E-Bike,,
2023-09-24 03:38:00,569,47.405751,8.539016,Freibad Allenmoos,Ringstrasse 82,8057,Zürich,True,24,Active,6,Zürich,3973.0,500837,55.0,2.0,E-Bike,,
2023-09-24 03:38:00,569,47.405751,8.539016,Freibad Allenmoos,Ringstrasse 82,8057,Zürich,True,24,Active,6,Zürich,834.0,500253,10.0,2.0,E-Bike,,
2023-09-24 03:38:00,552,46.952701,7.454585,Salem-Spital,Schänzlistrasse 33,3013,Bern,True,32,Active,5,Bern,4048.0,500874,60.0,2.0,E-Bike,,
2023-09-24 03:38:00,552,46.952701,7.454585,Salem-Spital,Schänzlistrasse 33,3013,Bern,True,32,Active,5,Bern,997.0,501098,33.0,2.0,E-Bike,,
2023-09-24 03:38:00,552,46.952701,7.454585,Salem-Spital,Schänzlistrasse 33,3013,Bern,True,32,Active,5,Bern,3335.0,501277,93.0,2.0,E-Bike,,
2023-09-24 03:38:00,552,46.952701,7.454585,Salem-Spital,Schänzlistrasse 33,3013,Bern,True,32,Active,5,Bern,4948.0,502977,84.0,2.0,E-Bike,,
2023-09-24 03:38:00,552,46.952701,7.454585,Salem-Spital,Schänzlistrasse 33,3013,Bern,True,32,Active,5,Bern,1646.0,501715,60.0,2.0,E-Bike,,
2023-09-24 03:38:00,516,47.418472,8.561746,Sirius-Platz,Sirius-Platz,8152,Opfikon,True,18,Active,6,Zürich,3954.0,500811,22.0,2.0,E-Bike,,
2023-09-24 03:38:00,516,47.418472,8.561746,Sirius-Platz,Sirius-Platz,8152,Opfikon,True,18,Active,6,Zürich,2467.0,102605,,1.0,Bike,,
2023-09-24 03:38:00,516,47.418472,8.561746,Sirius-Platz,Sirius-Platz,8152,Opfikon,True,18,Active,6,Zürich,682.0,101194,,1.0,Bike,,
2023-09-24 03:38:00,516,47.418472,8.561746,Sirius-Platz,Sirius-Platz,8152,Opfikon,True,18,Active,6,Zürich,637.0,101447,,1.0,Bike,,
2023-09-24 03:38:00,516,47.418472,8.561746,Sirius-Platz,Sirius-Platz,8152,Opfikon,True,18,Active,6,Zürich,521.0,101252,,1.0,Bike,,
2023-09-24 03:38:00,516,47.418472,8.561746,Sirius-Platz,Sirius-Platz,8152,Opfikon,True,18,Active,6,Zürich,3845.0,104463,,1.0,Bike,,
2023-09-24 03:38:00,516,47.418472,8.561746,Sirius-Platz,Sirius-Platz,8152,Opfikon,True,18,Active,6,Zürich,3126.0,102845,,1.0,Bike,,
2023-09-24 03:38:00,516,47.418472,8.561746,Sirius-Platz,Sirius-Platz,8152,Opfikon,True,18,Active,6,Zürich,2453.0,101343,,1.0,Bike,,
2023-09-24 03:38:00,516,47.418472,8.561746,Sirius-Platz,Sirius-Platz,8152,Opfikon,True,18,Active,6,Zürich,3071.0,102812,,1.0,Bike,,
2023-09-24 03:38:00,516,47.418472,8.561746,Sirius-Platz,Sirius-Platz,8152,Opfikon,True,18,Active,6,Zürich,831.0,500235,32.0,2.0,E-Bike,,
2023-09-24 03:38:00,516,47.418472,8.561746,Sirius-Platz,Sirius-Platz,8152,Opfikon,True,18,Active,6,Zürich,3049.0,104657,,1.0,Bike,,
2023-09-24 03:38:00,585,46.016524,8.955876,Via Vignola,Via Trevano,6900,Lugano,True,40,Active,3,Sottoceneri (TI),5165.0,103364,,1.0,Bike,,
2023-09-24 03:38:00,585,46.016524,8.955876,Via Vignola,Via Trevano,6900,Lugano,True,40,Active,3,Sottoceneri (TI),5166.0,103359,,1.0,Bike,,
2023-09-24 03:38:00,585,46.016524,8.955876,Via Vignola,Via Trevano,6900,Lugano,True,40,Active,3,Sottoceneri (TI),5464.0,104554,,1.0,Bike,,
2023-09-24 03:38:00,765,46.345477,6.162667,"Chavannes-de-Bogis, Village",Route de Bogis-Bossey 41,1279,Chavannes-de-Bogis,True,24,Active,9,Région de Nyon,1342.0,504421,,2.0,E-Bike,57.0,Sponsor 57
2023-09-24 03:38:00,765,46.345477,6.162667,"Chavannes-de-Bogis, Village",Route de Bogis-Bossey 41,1279,Chavannes-de-Bogis,True,24,Active,9,Région de Nyon,5202.0,502915,22.0,2.0,E-Bike,57.0,Sponsor 57
2023-09-24 03:38:00,765,46.345477,6.162667,"Chavannes-de-Bogis, Village",Route de Bogis-Bossey 41,1279,Chavannes-de-Bogis,True,24,Active,9,Région de Nyon,1955.0,102399,,1.0,Bike,57.0,Sponsor 57
2023-09-24 03:38:00,44,46.065999,8.966679,Tesserete,Piazza Stazione,6950,Tesserete,True,13,Active,3,Sottoceneri (TI),5522.0,503648,22.0,2.0,E-Bike,,
2023-09-24 03:38:00,44,46.065999,8.966679,Tesserete,Piazza Stazione,6950,Tesserete,True,13,Active,3,Sottoceneri (TI),5153.0,105151,,1.0,Bike,,
2023-09-24 03:38:00,44,46.065999,8.966679,Tesserete,Piazza Stazione,6950,Tesserete,True,13,Active,3,Sottoceneri (TI),4076.0,102940,,1.0,Bike,,
2023-09-24 03:38:00,821,46.958152075321834,7.492620923918697,Wegmühlegässli,Bernstrasse 96,3072,Ostermundigen,True,80,Active,5,Bern,3710.0,103071,,1.0,Bike,,
2023-09-24 03:38:00,821,46.958152075321834,7.492620923918697,Wegmühlegässli,Bernstrasse 96,3072,Ostermundigen,True,80,Active,5,Bern,2749.0,102310,,1.0,Bike,,
2023-09-24 03:38:00,821,46.958152075321834,7.492620923918697,Wegmühlegässli,Bernstrasse 96,3072,Ostermundigen,True,80,Active,5,Bern,2124.0,101950,,1.0,Bike,,
2023-09-24 03:38:00,821,46.958152075321834,7.492620923918697,Wegmühlegässli,Bernstrasse 96,3072,Ostermundigen,True,80,Active,5,Bern,4527.0,104272,,1.0,Bike,,
2023-09-24 03:38:00,335,46.54873,6.57476,Mongevon,Chemin de Mongevon 4,1023,Crissier,True,22,Active,2,Lausanne-Morges,5779.0,503766,,2.0,E-Bike,38.0,Sponsor 38
2023-09-24 03:38:00,335,46.54873,6.57476,Mongevon,Chemin de Mongevon 4,1023,Crissier,True,22,Active,2,Lausanne-Morges,407.0,503649,,2.0,E-Bike,38.0,Sponsor 38
2023-09-24 03:38:00,335,46.54873,6.57476,Mongevon,Chemin de Mongevon 4,1023,Crissier,True,22,Active,2,Lausanne-Morges,5956.0,503774,,2.0,E-Bike,38.0,Sponsor 38
2023-09-24 03:38:00,214,46.94626,7.43804,Wallgasse,Wallgasse 3,3011,Bern,True,13,Active,5,Bern,3475.0,502160,25.0,2.0,E-Bike,,
2023-09-24 03:38:00,560,47.376467,8.526609,Helvetiaplatz,Molkenstrasse 15,8004,Zürich,True,19,Active,6,Zürich,4741.0,104019,,1.0,Bike,,
2023-09-24 03:38:00,128,47.36309,8.51813,Binz,Haldenstrasse 7,8045,Zürich,True,19,Active,6,Zürich,2625.0,501015,19.0,2.0,E-Bike,,
2023-09-24 03:38:00,128,47.36309,8.51813,Binz,Haldenstrasse 7,8045,Zürich,True,19,Active,6,Zürich,3822.0,103221,,1.0,Bike,,
2023-09-24 03:38:00,128,47.36309,8.51813,Binz,Haldenstrasse 7,8045,Zürich,True,19,Active,6,Zürich,1571.0,101670,,1.0,Bike,,
2023-09-24 03:38:00,128,47.36309,8.51813,Binz,Haldenstrasse 7,8045,Zürich,True,19,Active,6,Zürich,2174.0,101974,,1.0,Bike,,
2023-09-24 03:38:00,128,47.36309,8.51813,Binz,Haldenstrasse 7,8045,Zürich,True,19,Active,6,Zürich,4626.0,503106,72.0,2.0,E-Bike,,
2023-09-24 03:38:00,128,47.36309,8.51813,Binz,Haldenstrasse 7,8045,Zürich,True,19,Active,6,Zürich,594.0,101198,,1.0,Bike,,
2023-09-24 03:38:00,118,46.96845,7.46242,SBB Hilfikerstrasse,Schädelinstrasse 4,3014,Bern,True,29,Active,5,Bern,4974.0,501076,53.0,2.0,E-Bike,,
2023-09-24 03:38:00,505,46.811754,7.150142,Bourgknecht,Avenue Jean-Bourgknecht,1700,Fribourg,True,21,Active,8,Fribourg,5287.0,502443,26.0,2.0,E-Bike,26.0,Sponsor 26
2023-09-24 03:38:00,505,46.811754,7.150142,Bourgknecht,Avenue Jean-Bourgknecht,1700,Fribourg,True,21,Active,8,Fribourg,4263.0,501498,26.0,2.0,E-Bike,26.0,Sponsor 26
2023-09-24 03:38:00,505,46.811754,7.150142,Bourgknecht,Avenue Jean-Bourgknecht,1700,Fribourg,True,21,Active,8,Fribourg,4481.0,503017,35.0,2.0,E-Bike,26.0,Sponsor 26
2023-09-24 03:38:00,505,46.811754,7.150142,Bourgknecht,Avenue Jean-Bourgknecht,1700,Fribourg,True,21,Active,8,Fribourg,5271.0,502944,31.0,2.0,E-Bike,26.0,Sponsor 26
2023-09-24 03:38:00,529,47.424155,8.562301,Boulevard Lilienthal,Boulevard Lilienthal 2,8152,Opfikon,True,18,Active,6,Zürich,4698.0,504080,43.0,2.0,E-Bike,,
2023-09-24 03:38:00,529,47.424155,8.562301,Boulevard Lilienthal,Boulevard Lilienthal 2,8152,Opfikon,True,18,Active,6,Zürich,2923.0,102680,,1.0,Bike,,
2023-09-24 03:38:00,529,47.424155,8.562301,Boulevard Lilienthal,Boulevard Lilienthal 2,8152,Opfikon,True,18,Active,6,Zürich,4412.0,503275,36.0,2.0,E-Bike,,
2023-09-24 03:38:00,529,47.424155,8.562301,Boulevard Lilienthal,Boulevard Lilienthal 2,8152,Opfikon,True,18,Active,6,Zürich,522.0,101209,,1.0,Bike,,
2023-09-24 03:38:00,529,47.424155,8.562301,Boulevard Lilienthal,Boulevard Lilienthal 2,8152,Opfikon,True,18,Active,6,Zürich,3844.0,104469,,1.0,Bike,,
2023-09-24 03:38:00,529,47.424155,8.562301,Boulevard Lilienthal,Boulevard Lilienthal 2,8152,Opfikon,True,18,Active,6,Zürich,3923.0,103291,,1.0,Bike,,
2023-09-24 03:38:00,529,47.424155,8.562301,Boulevard Lilienthal,Boulevard Lilienthal 2,8152,Opfikon,True,18,Active,6,Zürich,582.0,101562,,1.0,Bike,,
2023-09-24 03:38:00,529,47.424155,8.562301,Boulevard Lilienthal,Boulevard Lilienthal 2,8152,Opfikon,True,18,Active,6,Zürich,2729.0,501026,47.0,2.0,E-Bike,,
2023-09-24 03:38:00,529,47.424155,8.562301,Boulevard Lilienthal,Boulevard Lilienthal 2,8152,Opfikon,True,18,Active,6,Zürich,3830.0,103223,,1.0,Bike,,
2023-09-24 03:38:00,529,47.424155,8.562301,Boulevard Lilienthal,Boulevard Lilienthal 2,8152,Opfikon,True,18,Active,6,Zürich,3073.0,102825,,1.0,Bike,,
2023-09-24 03:38:00,12,46.520723,6.568276,Piccard,Avenue Piccard,1015,Ecublens,True,24,Active (empty),2,Lausanne-Morges,,,,,,5.0,Sponsor 05
2023-09-24 03:38:00,186,46.9493284,7.3939866,Bethlehem Kirche,Murtenstrasse 266,3027,Bern,True,10,Active,5,Bern,3631.0,102962,,1.0,Bike,,
2023-09-24 03:38:00,186,46.9493284,7.3939866,Bethlehem Kirche,Murtenstrasse 266,3027,Bern,True,10,Active,5,Bern,3342.0,501255,12.0,2.0,E-Bike,,
2023-09-24 03:38:00,845,45.9987921421312,8.93937873151315,"Sorengo, via Ponte Tresa",Via Ponte Tresa,6924,Sorengo,True,26,Active (empty),3,Sottoceneri (TI),,,,,,,
2023-09-24 03:38:00,168,46.417718,6.267441,"Gland, Swissquote",Chemin de la Crétaux 2,1196,Gland,True,42,Active,9,Région de Nyon,5671.0,503613,,2.0,E-Bike,,
2023-09-24 03:38:00,168,46.417718,6.267441,"Gland, Swissquote",Chemin de la Crétaux 2,1196,Gland,True,42,Active,9,Région de Nyon,5340.0,104666,,1.0,Bike,,
2023-09-24 03:38:00,168,46.417718,6.267441,"Gland, Swissquote",Chemin de la Crétaux 2,1196,Gland,True,42,Active,9,Région de Nyon,5798.0,103335,,1.0,Bike,,
2023-09-24 03:38:00,168,46.417718,6.267441,"Gland, Swissquote",Chemin de la Crétaux 2,1196,Gland,True,42,Active,9,Région de Nyon,1315.0,504123,,2.0,E-Bike,,
2023-09-24 03:38:00,168,46.417718,6.267441,"Gland, Swissquote",Chemin de la Crétaux 2,1196,Gland,True,42,Active,9,Région de Nyon,5649.0,103343,,1.0,Bike,,
2023-09-24 03:38:00,168,46.417718,6.267441,"Gland, Swissquote",Chemin de la Crétaux 2,1196,Gland,True,42,Active,9,Région de Nyon,5172.0,503617,23.0,2.0,E-Bike,,
2023-09-24 03:38:00,168,46.417718,6.267441,"Gland, Swissquote",Chemin de la Crétaux 2,1196,Gland,True,42,Active,9,Région de Nyon,5213.0,103976,,1.0,Bike,,
2023-09-24 03:38:00,168,46.417718,6.267441,"Gland, Swissquote",Chemin de la Crétaux 2,1196,Gland,True,42,Active,9,Région de Nyon,2239.0,501332,74.0,2.0,E-Bike,,
2023-09-24 03:38:00,329,46.94167,7.42598,Cäcilienplatz,Brunnmattstrasse 55,3007,Bern,True,10,Active,5,Bern,3878.0,103231,,1.0,Bike,,
2023-09-24 03:38:00,329,46.94167,7.42598,Cäcilienplatz,Brunnmattstrasse 55,3007,Bern,True,10,Active,5,Bern,4353.0,503194,91.0,2.0,E-Bike,,
2023-09-24 03:38:00,329,46.94167,7.42598,Cäcilienplatz,Brunnmattstrasse 55,3007,Bern,True,10,Active,5,Bern,1145.0,500459,82.0,2.0,E-Bike,,
2023-09-24 03:38:00,329,46.94167,7.42598,Cäcilienplatz,Brunnmattstrasse 55,3007,Bern,True,10,Active,5,Bern,3446.0,502223,15.0,2.0,E-Bike,,
2023-09-24 03:38:00,329,46.94167,7.42598,Cäcilienplatz,Brunnmattstrasse 55,3007,Bern,True,10,Active,5,Bern,2273.0,504465,32.0,2.0,E-Bike,,
2023-09-24 03:38:00,329,46.94167,7.42598,Cäcilienplatz,Brunnmattstrasse 55,3007,Bern,True,10,Active,5,Bern,3495.0,502188,90.0,2.0,E-Bike,,
2023-09-24 03:38:00,329,46.94167,7.42598,Cäcilienplatz,Brunnmattstrasse 55,3007,Bern,True,10,Active,5,Bern,2716.0,103367,,1.0,Bike,,
2023-09-24 03:38:00,329,46.94167,7.42598,Cäcilienplatz,Brunnmattstrasse 55,3007,Bern,True,10,Active,5,Bern,4138.0,500648,74.0,2.0,E-Bike,,
2023-09-24 03:38:00,329,46.94167,7.42598,Cäcilienplatz,Brunnmattstrasse 55,3007,Bern,True,10,Active,5,Bern,1084.0,102137,,1.0,Bike,,
2023-09-24 03:38:00,329,46.94167,7.42598,Cäcilienplatz,Brunnmattstrasse 55,3007,Bern,True,10,Active,5,Bern,1996.0,501837,65.0,2.0,E-Bike,,
2023-09-24 03:38:00,329,46.94167,7.42598,Cäcilienplatz,Brunnmattstrasse 55,3007,Bern,True,10,Active,5,Bern,3624.0,102975,,1.0,Bike,,
2023-09-24 03:38:00,329,46.94167,7.42598,Cäcilienplatz,Brunnmattstrasse 55,3007,Bern,True,10,Active,5,Bern,1263.0,501975,83.0,2.0,E-Bike,,
2023-09-24 03:38:00,329,46.94167,7.42598,Cäcilienplatz,Brunnmattstrasse 55,3007,Bern,True,10,Active,5,Bern,1229.0,102364,,1.0,Bike,,
2023-09-24 03:38:00,329,46.94167,7.42598,Cäcilienplatz,Brunnmattstrasse 55,3007,Bern,True,10,Active,5,Bern,2955.0,102171,,1.0,Bike,,
2023-09-24 03:38:00,329,46.94167,7.42598,Cäcilienplatz,Brunnmattstrasse 55,3007,Bern,True,10,Active,5,Bern,2580.0,501595,31.0,2.0,E-Bike,,
2023-09-24 03:38:00,132,47.35594,8.549852,Blatterwiese,Höschgasse 3,8008,Zürich,True,24,Active,6,Zürich,1821.0,500226,11.0,2.0,E-Bike,,
2023-09-24 03:38:00,132,47.35594,8.549852,Blatterwiese,Höschgasse 3,8008,Zürich,True,24,Active,6,Zürich,3682.0,104710,,1.0,Bike,,
2023-09-24 03:38:00,132,47.35594,8.549852,Blatterwiese,Höschgasse 3,8008,Zürich,True,24,Active,6,Zürich,890.0,500113,72.0,2.0,E-Bike,,
2023-09-24 03:38:00,142,47.3742296,8.5285533,Stauffacher,Stauffacherstrasse 41,8004,Zürich,True,13,Active,6,Zürich,872.0,500051,13.0,2.0,E-Bike,,
2023-09-24 03:38:00,142,47.3742296,8.5285533,Stauffacher,Stauffacherstrasse 41,8004,Zürich,True,13,Active,6,Zürich,2419.0,102595,,1.0,Bike,,
2023-09-24 03:38:00,142,47.3742296,8.5285533,Stauffacher,Stauffacherstrasse 41,8004,Zürich,True,13,Active,6,Zürich,3681.0,104701,,1.0,Bike,,
2023-09-24 03:38:00,142,47.3742296,8.5285533,Stauffacher,Stauffacherstrasse 41,8004,Zürich,True,13,Active,6,Zürich,2885.0,102669,,1.0,Bike,,
2023-09-24 03:38:00,840,46.80036467702836,7.175555914805134,Bourguillon,Route de Bourguillon,1722,Fribourg,True,19,Active,8,Fribourg,5891.0,503987,62.0,2.0,E-Bike,26.0,Sponsor 26
2023-09-24 03:38:00,840,46.80036467702836,7.175555914805134,Bourguillon,Route de Bourguillon,1722,Fribourg,True,19,Active,8,Fribourg,1916.0,500986,,2.0,E-Bike,26.0,Sponsor 26
2023-09-24 03:38:00,674,46.93357261917911,7.505070609131323,Bahnhof Gümligen,Worbstrasse 210,3074,Muri,True,80,Active,5,Bern,1163.0,500474,46.0,2.0,E-Bike,,
2023-09-24 03:38:00,674,46.93357261917911,7.505070609131323,Bahnhof Gümligen,Worbstrasse 210,3074,Muri,True,80,Active,5,Bern,1436.0,501754,93.0,2.0,E-Bike,,
2023-09-24 03:38:00,674,46.93357261917911,7.505070609131323,Bahnhof Gümligen,Worbstrasse 210,3074,Muri,True,80,Active,5,Bern,3911.0,500767,87.0,2.0,E-Bike,,
2023-09-24 03:38:00,674,46.93357261917911,7.505070609131323,Bahnhof Gümligen,Worbstrasse 210,3074,Muri,True,80,Active,5,Bern,1803.0,501788,33.0,2.0,E-Bike,,
2023-09-24 03:38:00,674,46.93357261917911,7.505070609131323,Bahnhof Gümligen,Worbstrasse 210,3074,Muri,True,80,Active,5,Bern,2776.0,501350,33.0,2.0,E-Bike,,
2023-09-24 03:38:00,674,46.93357261917911,7.505070609131323,Bahnhof Gümligen,Worbstrasse 210,3074,Muri,True,80,Active,5,Bern,4925.0,502627,51.0,2.0,E-Bike,,
2023-09-24 03:38:00,674,46.93357261917911,7.505070609131323,Bahnhof Gümligen,Worbstrasse 210,3074,Muri,True,80,Active,5,Bern,3449.0,502220,41.0,2.0,E-Bike,,
2023-09-24 03:38:00,674,46.93357261917911,7.505070609131323,Bahnhof Gümligen,Worbstrasse 210,3074,Muri,True,80,Active,5,Bern,4490.0,500661,34.0,2.0,E-Bike,,
2023-09-24 03:38:00,674,46.93357261917911,7.505070609131323,Bahnhof Gümligen,Worbstrasse 210,3074,Muri,True,80,Active,5,Bern,1407.0,501908,69.0,2.0,E-Bike,,
2023-09-24 03:38:00,674,46.93357261917911,7.505070609131323,Bahnhof Gümligen,Worbstrasse 210,3074,Muri,True,80,Active,5,Bern,3354.0,501231,69.0,2.0,E-Bike,,
2023-09-24 03:38:00,674,46.93357261917911,7.505070609131323,Bahnhof Gümligen,Worbstrasse 210,3074,Muri,True,80,Active,5,Bern,4017.0,500802,72.0,2.0,E-Bike,,
2023-09-24 03:38:00,674,46.93357261917911,7.505070609131323,Bahnhof Gümligen,Worbstrasse 210,3074,Muri,True,80,Active,5,Bern,2490.0,501177,47.0,2.0,E-Bike,,
2023-09-24 03:38:00,674,46.93357261917911,7.505070609131323,Bahnhof Gümligen,Worbstrasse 210,3074,Muri,True,80,Active,5,Bern,2777.0,502582,71.0,2.0,E-Bike,,
2023-09-24 03:38:00,674,46.93357261917911,7.505070609131323,Bahnhof Gümligen,Worbstrasse 210,3074,Muri,True,80,Active,5,Bern,4599.0,503064,91.0,2.0,E-Bike,,
2023-09-24 03:38:00,449,47.383858,8.528796,Gasometerstrasse,Gasometerstrasse 24,8005,Zürich,True,19,Active (empty),6,Zürich,,,,,,,
2023-09-24 03:38:00,95,47.377148,8.523818,Bäckeranlage,Stauffacherstrasse 127,8004,Zürich,True,40,Active (empty),6,Zürich,,,,,,,
2023-09-24 03:38:00,229,46.9412568,7.4507099,Nationalbibliothek,Helvetiastrasse 21,3005,Bern,True,10,Active,5,Bern,3810.0,103188,,1.0,Bike,,
2023-09-24 03:38:00,229,46.9412568,7.4507099,Nationalbibliothek,Helvetiastrasse 21,3005,Bern,True,10,Active,5,Bern,6210.0,504092,90.0,2.0,E-Bike,,
2023-09-24 03:38:00,229,46.9412568,7.4507099,Nationalbibliothek,Helvetiastrasse 21,3005,Bern,True,10,Active,5,Bern,3150.0,101990,,1.0,Bike,,
2023-09-24 03:38:00,229,46.9412568,7.4507099,Nationalbibliothek,Helvetiastrasse 21,3005,Bern,True,10,Active,5,Bern,1272.0,104209,,1.0,Bike,,
2023-09-24 03:38:00,229,46.9412568,7.4507099,Nationalbibliothek,Helvetiastrasse 21,3005,Bern,True,10,Active,5,Bern,2985.0,102434,,1.0,Bike,,
2023-09-24 03:38:00,229,46.9412568,7.4507099,Nationalbibliothek,Helvetiastrasse 21,3005,Bern,True,10,Active,5,Bern,3613.0,102986,,1.0,Bike,,
2023-09-24 03:38:00,229,46.9412568,7.4507099,Nationalbibliothek,Helvetiastrasse 21,3005,Bern,True,10,Active,5,Bern,1626.0,101682,,1.0,Bike,,
2023-09-24 03:38:00,229,46.9412568,7.4507099,Nationalbibliothek,Helvetiastrasse 21,3005,Bern,True,10,Active,5,Bern,2113.0,101942,,1.0,Bike,,
2023-09-24 03:38:00,229,46.9412568,7.4507099,Nationalbibliothek,Helvetiastrasse 21,3005,Bern,True,10,Active,5,Bern,3171.0,102751,,1.0,Bike,,
2023-09-24 03:38:00,229,46.9412568,7.4507099,Nationalbibliothek,Helvetiastrasse 21,3005,Bern,True,10,Active,5,Bern,1444.0,101599,,1.0,Bike,,
2023-09-24 03:38:00,487,46.523858,6.6329296,Riponne,Place de la Riponne 7,1005,Lausanne,True,24,Active,2,Lausanne-Morges,51.0,100235,67.0,2.0,E-Bike,1.0,Sponsor 01
2023-09-24 03:38:00,487,46.523858,6.6329296,Riponne,Place de la Riponne 7,1005,Lausanne,True,24,Active,2,Lausanne-Morges,329.0,100428,47.0,2.0,E-Bike,1.0,Sponsor 01
2023-09-24 03:38:00,130,47.391366,8.488108,Bahnhof Altstetten,Altstetterplatz 1,8048,Zürich,True,19,Active,6,Zürich,2381.0,102545,,1.0,Bike,,
2023-09-24 03:38:00,130,47.391366,8.488108,Bahnhof Altstetten,Altstetterplatz 1,8048,Zürich,True,19,Active,6,Zürich,2185.0,101777,,1.0,Bike,,
2023-09-24 03:38:00,130,47.391366,8.488108,Bahnhof Altstetten,Altstetterplatz 1,8048,Zürich,True,19,Active,6,Zürich,3813.0,103229,,1.0,Bike,,
2023-09-24 03:38:00,130,47.391366,8.488108,Bahnhof Altstetten,Altstetterplatz 1,8048,Zürich,True,19,Active,6,Zürich,3766.0,104464,,1.0,Bike,,
2023-09-24 03:38:00,130,47.391366,8.488108,Bahnhof Altstetten,Altstetterplatz 1,8048,Zürich,True,19,Active,6,Zürich,699.0,500177,45.0,2.0,E-Bike,,
2023-09-24 03:38:00,130,47.391366,8.488108,Bahnhof Altstetten,Altstetterplatz 1,8048,Zürich,True,19,Active,6,Zürich,3552.0,102926,,1.0,Bike,,
2023-09-24 03:38:00,130,47.391366,8.488108,Bahnhof Altstetten,Altstetterplatz 1,8048,Zürich,True,19,Active,6,Zürich,3283.0,102902,,1.0,Bike,,
2023-09-24 03:38:00,130,47.391366,8.488108,Bahnhof Altstetten,Altstetterplatz 1,8048,Zürich,True,19,Active,6,Zürich,3557.0,102928,,1.0,Bike,,
2023-09-24 03:38:00,130,47.391366,8.488108,Bahnhof Altstetten,Altstetterplatz 1,8048,Zürich,True,19,Active,6,Zürich,1148.0,101308,,1.0,Bike,,
2023-09-24 03:38:00,130,47.391366,8.488108,Bahnhof Altstetten,Altstetterplatz 1,8048,Zürich,True,19,Active,6,Zürich,4417.0,503268,65.0,2.0,E-Bike,,
2023-09-24 03:38:00,130,47.391366,8.488108,Bahnhof Altstetten,Altstetterplatz 1,8048,Zürich,True,19,Active,6,Zürich,508.0,101221,,1.0,Bike,,
2023-09-24 03:38:00,130,47.391366,8.488108,Bahnhof Altstetten,Altstetterplatz 1,8048,Zürich,True,19,Active,6,Zürich,604.0,101377,,1.0,Bike,,
2023-09-24 03:38:00,130,47.391366,8.488108,Bahnhof Altstetten,Altstetterplatz 1,8048,Zürich,True,19,Active,6,Zürich,452.0,101473,,1.0,Bike,,
2023-09-24 03:38:00,130,47.391366,8.488108,Bahnhof Altstetten,Altstetterplatz 1,8048,Zürich,True,19,Active,6,Zürich,4780.0,500514,,2.0,E-Bike,,
2023-09-24 03:38:00,130,47.391366,8.488108,Bahnhof Altstetten,Altstetterplatz 1,8048,Zürich,True,19,Active,6,Zürich,486.0,101279,,1.0,Bike,,
2023-09-24 03:38:00,130,47.391366,8.488108,Bahnhof Altstetten,Altstetterplatz 1,8048,Zürich,True,19,Active,6,Zürich,667.0,101172,,1.0,Bike,,
2023-09-24 03:38:00,130,47.391366,8.488108,Bahnhof Altstetten,Altstetterplatz 1,8048,Zürich,True,19,Active,6,Zürich,1516.0,101631,,1.0,Bike,,
2023-09-24 03:38:00,130,47.391366,8.488108,Bahnhof Altstetten,Altstetterplatz 1,8048,Zürich,True,19,Active,6,Zürich,3774.0,104960,,1.0,Bike,,
2023-09-24 03:38:00,130,47.391366,8.488108,Bahnhof Altstetten,Altstetterplatz 1,8048,Zürich,True,19,Active,6,Zürich,2635.0,501370,19.0,2.0,E-Bike,,
2023-09-24 03:38:00,130,47.391366,8.488108,Bahnhof Altstetten,Altstetterplatz 1,8048,Zürich,True,19,Active,6,Zürich,3551.0,503459,25.0,2.0,E-Bike,,
2023-09-24 03:38:00,237,46.806661,7.1620248,Bourg,Place de Notre-Dame,1700,Fribourg,True,16,Active,8,Fribourg,5318.0,103983,,1.0,Bike,26.0,Sponsor 26
2023-09-24 03:38:00,237,46.806661,7.1620248,Bourg,Place de Notre-Dame,1700,Fribourg,True,16,Active,8,Fribourg,1888.0,500931,21.0,2.0,E-Bike,26.0,Sponsor 26
2023-09-24 03:38:00,237,46.806661,7.1620248,Bourg,Place de Notre-Dame,1700,Fribourg,True,16,Active,8,Fribourg,5686.0,501128,11.0,2.0,E-Bike,26.0,Sponsor 26
2023-09-24 03:38:00,237,46.806661,7.1620248,Bourg,Place de Notre-Dame,1700,Fribourg,True,16,Active,8,Fribourg,5308.0,103993,,1.0,Bike,26.0,Sponsor 26
2023-09-24 03:38:00,204,46.9515508,7.4345382,Falkenplatz,Länggassstrasse 7,3012,Bern,True,10,Active,5,Bern,1473.0,101607,,1.0,Bike,,
2023-09-24 03:38:00,204,46.9515508,7.4345382,Falkenplatz,Länggassstrasse 7,3012,Bern,True,10,Active,5,Bern,2553.0,102243,,1.0,Bike,,
2023-09-24 03:38:00,204,46.9515508,7.4345382,Falkenplatz,Länggassstrasse 7,3012,Bern,True,10,Active,5,Bern,2980.0,102110,,1.0,Bike,,
2023-09-24 03:38:00,317,46.9460279,7.4332165,Kocherpark,Effingerstrasse 27,3008,Bern,True,6,Active,5,Bern,3001.0,102439,,1.0,Bike,,
2023-09-24 03:38:00,317,46.9460279,7.4332165,Kocherpark,Effingerstrasse 27,3008,Bern,True,6,Active,5,Bern,1013.0,101541,,1.0,Bike,,
2023-09-24 03:38:00,121,46.956956,7.48287,SBB Poststrasse,Poststrasse 5,3072,Ostermundigen,True,13,Active (empty),5,Bern,,,,,,,
2023-09-24 03:38:00,48,46.0105808,8.95794,USI,Via Giuseppe Buffi 13,6900,Lugano,True,16,Active,3,Sottoceneri (TI),157.0,100188,,1.0,Bike,,
2023-09-24 03:38:00,48,46.0105808,8.95794,USI,Via Giuseppe Buffi 13,6900,Lugano,True,16,Active,3,Sottoceneri (TI),1749.0,101719,,1.0,Bike,,
2023-09-24 03:38:00,48,46.0105808,8.95794,USI,Via Giuseppe Buffi 13,6900,Lugano,True,16,Active,3,Sottoceneri (TI),5552.0,105153,,1.0,Bike,,
2023-09-24 03:38:00,48,46.0105808,8.95794,USI,Via Giuseppe Buffi 13,6900,Lugano,True,16,Active,3,Sottoceneri (TI),1763.0,101741,,1.0,Bike,,
2023-09-24 03:38:00,48,46.0105808,8.95794,USI,Via Giuseppe Buffi 13,6900,Lugano,True,16,Active,3,Sottoceneri (TI),5561.0,104150,,1.0,Bike,,
2023-09-24 03:38:00,274,47.375991201,8.541239126,Beatenplatz,Beatenplatz 1,8001,Zürich,True,13,Active,6,Zürich,2398.0,102549,,1.0,Bike,,
2023-09-24 03:38:00,274,47.375991201,8.541239126,Beatenplatz,Beatenplatz 1,8001,Zürich,True,13,Active,6,Zürich,4742.0,104017,,1.0,Bike,,
2023-09-24 03:38:00,274,47.375991201,8.541239126,Beatenplatz,Beatenplatz 1,8001,Zürich,True,13,Active,6,Zürich,1538.0,101648,,1.0,Bike,,
2023-09-24 03:38:00,274,47.375991201,8.541239126,Beatenplatz,Beatenplatz 1,8001,Zürich,True,13,Active,6,Zürich,3640.0,103023,,1.0,Bike,,
2023-09-24 03:38:00,274,47.375991201,8.541239126,Beatenplatz,Beatenplatz 1,8001,Zürich,True,13,Active,6,Zürich,651.0,101446,,1.0,Bike,,
2023-09-24 03:38:00,274,47.375991201,8.541239126,Beatenplatz,Beatenplatz 1,8001,Zürich,True,13,Active,6,Zürich,2469.0,102589,,1.0,Bike,,
2023-09-24 03:38:00,274,47.375991201,8.541239126,Beatenplatz,Beatenplatz 1,8001,Zürich,True,13,Active,6,Zürich,2926.0,102208,,1.0,Bike,,
2023-09-24 03:38:00,274,47.375991201,8.541239126,Beatenplatz,Beatenplatz 1,8001,Zürich,True,13,Active,6,Zürich,3646.0,104465,,1.0,Bike,,
2023-09-24 03:38:00,274,47.375991201,8.541239126,Beatenplatz,Beatenplatz 1,8001,Zürich,True,13,Active,6,Zürich,595.0,104704,,1.0,Bike,,
2023-09-24 03:38:00,274,47.375991201,8.541239126,Beatenplatz,Beatenplatz 1,8001,Zürich,True,13,Active,6,Zürich,1525.0,102283,,1.0,Bike,,
2023-09-24 03:38:00,274,47.375991201,8.541239126,Beatenplatz,Beatenplatz 1,8001,Zürich,True,13,Active,6,Zürich,2925.0,102235,,1.0,Bike,,
2023-09-24 03:38:00,274,47.375991201,8.541239126,Beatenplatz,Beatenplatz 1,8001,Zürich,True,13,Active,6,Zürich,2875.0,104507,,1.0,Bike,,
2023-09-24 03:38:00,274,47.375991201,8.541239126,Beatenplatz,Beatenplatz 1,8001,Zürich,True,13,Active,6,Zürich,661.0,101454,,1.0,Bike,,
2023-09-24 03:38:00,201,46.9556992237474,7.42589120958378,Länggasse,Fabrikstrasse 43-45,3012,Bern,True,13,Active,5,Bern,1239.0,501997,75.0,2.0,E-Bike,,
2023-09-24 03:38:00,201,46.9556992237474,7.42589120958378,Länggasse,Fabrikstrasse 43-45,3012,Bern,True,13,Active,5,Bern,2792.0,501125,86.0,2.0,E-Bike,,
2023-09-24 03:38:00,201,46.9556992237474,7.42589120958378,Länggasse,Fabrikstrasse 43-45,3012,Bern,True,13,Active,5,Bern,6030.0,503843,70.0,2.0,E-Bike,,
2023-09-24 03:38:00,201,46.9556992237474,7.42589120958378,Länggasse,Fabrikstrasse 43-45,3012,Bern,True,13,Active,5,Bern,2286.0,102455,,1.0,Bike,,
2023-09-24 03:38:00,201,46.9556992237474,7.42589120958378,Länggasse,Fabrikstrasse 43-45,3012,Bern,True,13,Active,5,Bern,3160.0,102697,,1.0,Bike,,
2023-09-24 03:38:00,201,46.9556992237474,7.42589120958378,Länggasse,Fabrikstrasse 43-45,3012,Bern,True,13,Active,5,Bern,1022.0,503499,35.0,2.0,E-Bike,,
2023-09-24 03:38:00,201,46.9556992237474,7.42589120958378,Länggasse,Fabrikstrasse 43-45,3012,Bern,True,13,Active,5,Bern,1166.0,500472,70.0,2.0,E-Bike,,
2023-09-24 03:38:00,201,46.9556992237474,7.42589120958378,Länggasse,Fabrikstrasse 43-45,3012,Bern,True,13,Active,5,Bern,2320.0,102487,,1.0,Bike,,
2023-09-24 03:38:00,201,46.9556992237474,7.42589120958378,Länggasse,Fabrikstrasse 43-45,3012,Bern,True,13,Active,5,Bern,3194.0,102749,,1.0,Bike,,
2023-09-24 03:38:00,201,46.9556992237474,7.42589120958378,Länggasse,Fabrikstrasse 43-45,3012,Bern,True,13,Active,5,Bern,1179.0,500387,99.0,2.0,E-Bike,,
2023-09-24 03:38:00,201,46.9556992237474,7.42589120958378,Länggasse,Fabrikstrasse 43-45,3012,Bern,True,13,Active,5,Bern,2752.0,102314,,1.0,Bike,,
2023-09-24 03:38:00,201,46.9556992237474,7.42589120958378,Länggasse,Fabrikstrasse 43-45,3012,Bern,True,13,Active,5,Bern,4008.0,103317,,1.0,Bike,,
2023-09-24 03:38:00,201,46.9556992237474,7.42589120958378,Länggasse,Fabrikstrasse 43-45,3012,Bern,True,13,Active,5,Bern,3218.0,102799,,1.0,Bike,,
2023-09-24 03:38:00,201,46.9556992237474,7.42589120958378,Länggasse,Fabrikstrasse 43-45,3012,Bern,True,13,Active,5,Bern,2361.0,102512,,1.0,Bike,,
2023-09-24 03:38:00,484,46.9456022,7.434734,Seilerstrasse,Seilerstrasse 22,3011,Bern,True,24,Active (empty),5,Bern,,,,,,,
2023-09-24 03:38:00,174,46.9436036,7.4071777,Europaplatz,Freiburgstrasse 130,3008,Bern,True,19,Active,5,Bern,3031.0,102121,,1.0,Bike,,
2023-09-24 03:38:00,174,46.9436036,7.4071777,Europaplatz,Freiburgstrasse 130,3008,Bern,True,19,Active,5,Bern,1204.0,101475,,1.0,Bike,,
2023-09-24 03:38:00,174,46.9436036,7.4071777,Europaplatz,Freiburgstrasse 130,3008,Bern,True,19,Active,5,Bern,4308.0,503184,96.0,2.0,E-Bike,,
2023-09-24 03:38:00,174,46.9436036,7.4071777,Europaplatz,Freiburgstrasse 130,3008,Bern,True,19,Active,5,Bern,3496.0,502181,38.0,2.0,E-Bike,,
2023-09-24 03:38:00,174,46.9436036,7.4071777,Europaplatz,Freiburgstrasse 130,3008,Bern,True,19,Active,5,Bern,3725.0,103084,,1.0,Bike,,
2023-09-24 03:38:00,174,46.9436036,7.4071777,Europaplatz,Freiburgstrasse 130,3008,Bern,True,19,Active,5,Bern,3907.0,500770,92.0,2.0,E-Bike,,
2023-09-24 03:38:00,174,46.9436036,7.4071777,Europaplatz,Freiburgstrasse 130,3008,Bern,True,19,Active,5,Bern,2979.0,101860,,1.0,Bike,,
2023-09-24 03:38:00,174,46.9436036,7.4071777,Europaplatz,Freiburgstrasse 130,3008,Bern,True,19,Active,5,Bern,2738.0,102090,,1.0,Bike,,
2023-09-24 03:38:00,174,46.9436036,7.4071777,Europaplatz,Freiburgstrasse 130,3008,Bern,True,19,Active,5,Bern,2762.0,101849,,1.0,Bike,,
2023-09-24 03:38:00,174,46.9436036,7.4071777,Europaplatz,Freiburgstrasse 130,3008,Bern,True,19,Active,5,Bern,1405.0,501911,57.0,2.0,E-Bike,,
2023-09-24 03:38:00,174,46.9436036,7.4071777,Europaplatz,Freiburgstrasse 130,3008,Bern,True,19,Active,5,Bern,2362.0,102523,,1.0,Bike,,
2023-09-24 03:38:00,174,46.9436036,7.4071777,Europaplatz,Freiburgstrasse 130,3008,Bern,True,19,Active,5,Bern,3321.0,501238,99.0,2.0,E-Bike,,
2023-09-24 03:38:00,174,46.9436036,7.4071777,Europaplatz,Freiburgstrasse 130,3008,Bern,True,19,Active,5,Bern,4317.0,503171,99.0,2.0,E-Bike,,
2023-09-24 03:38:00,189,46.9618565,7.4592662,Tellplatz,Tellstrasse 20,3014,Bern,True,8,Active,5,Bern,1281.0,501961,27.0,2.0,E-Bike,,
2023-09-24 03:38:00,126,47.381356,8.510418,Hardau,Bullingerstrasse 73,8004,Zürich,True,26,Active,6,Zürich,2822.0,501002,26.0,2.0,E-Bike,,
2023-09-24 03:38:00,126,47.381356,8.510418,Hardau,Bullingerstrasse 73,8004,Zürich,True,26,Active,6,Zürich,1513.0,104505,,1.0,Bike,,
2023-09-24 03:38:00,126,47.381356,8.510418,Hardau,Bullingerstrasse 73,8004,Zürich,True,26,Active,6,Zürich,3116.0,104653,,1.0,Bike,,
2023-09-24 03:38:00,126,47.381356,8.510418,Hardau,Bullingerstrasse 73,8004,Zürich,True,26,Active,6,Zürich,2870.0,102273,,1.0,Bike,,
2023-09-24 03:38:00,126,47.381356,8.510418,Hardau,Bullingerstrasse 73,8004,Zürich,True,26,Active,6,Zürich,3641.0,103041,,1.0,Bike,,
2023-09-24 03:38:00,126,47.381356,8.510418,Hardau,Bullingerstrasse 73,8004,Zürich,True,26,Active,6,Zürich,575.0,101202,,1.0,Bike,,
2023-09-24 03:38:00,126,47.381356,8.510418,Hardau,Bullingerstrasse 73,8004,Zürich,True,26,Active,6,Zürich,657.0,101452,,1.0,Bike,,
2023-09-24 03:38:00,126,47.381356,8.510418,Hardau,Bullingerstrasse 73,8004,Zürich,True,26,Active,6,Zürich,3097.0,102824,,1.0,Bike,,
2023-09-24 03:38:00,126,47.381356,8.510418,Hardau,Bullingerstrasse 73,8004,Zürich,True,26,Active,6,Zürich,2689.0,501425,,2.0,E-Bike,,
2023-09-24 03:38:00,126,47.381356,8.510418,Hardau,Bullingerstrasse 73,8004,Zürich,True,26,Active,6,Zürich,671.0,101459,,1.0,Bike,,
2023-09-24 03:38:00,126,47.381356,8.510418,Hardau,Bullingerstrasse 73,8004,Zürich,True,26,Active,6,Zürich,787.0,500150,,2.0,E-Bike,,
2023-09-24 03:38:00,876,46.84647,9.53609,Kantonsschule Plessur,Münzweg 3,7000,Chur,True,80,Active,11,Chur,882.0,504086,60.0,2.0,E-Bike,59.0,Sponsor 59
2023-09-24 03:38:00,876,46.84647,9.53609,Kantonsschule Plessur,Münzweg 3,7000,Chur,True,80,Active,11,Chur,3651.0,103052,,1.0,Bike,59.0,Sponsor 59
2023-09-24 03:38:00,876,46.84647,9.53609,Kantonsschule Plessur,Münzweg 3,7000,Chur,True,80,Active,11,Chur,3325.0,501220,67.0,2.0,E-Bike,59.0,Sponsor 59
2023-09-24 03:38:00,876,46.84647,9.53609,Kantonsschule Plessur,Münzweg 3,7000,Chur,True,80,Active,11,Chur,2853.0,501559,78.0,2.0,E-Bike,59.0,Sponsor 59
2023-09-24 03:38:00,876,46.84647,9.53609,Kantonsschule Plessur,Münzweg 3,7000,Chur,True,80,Active,11,Chur,3178.0,102193,,1.0,Bike,59.0,Sponsor 59
2023-09-24 03:38:00,778,46.81077819593714,7.139183090960676,P+R La Chassotte,Route du Jura,1700,Fribourg,True,96,Active,8,Fribourg,4460.0,101891,,1.0,Bike,26.0,Sponsor 26
2023-09-24 03:38:00,778,46.81077819593714,7.139183090960676,P+R La Chassotte,Route du Jura,1700,Fribourg,True,96,Active,8,Fribourg,4452.0,102026,,1.0,Bike,26.0,Sponsor 26
2023-09-24 03:38:00,778,46.81077819593714,7.139183090960676,P+R La Chassotte,Route du Jura,1700,Fribourg,True,96,Active,8,Fribourg,5317.0,103985,,1.0,Bike,26.0,Sponsor 26
2023-09-24 03:38:00,778,46.81077819593714,7.139183090960676,P+R La Chassotte,Route du Jura,1700,Fribourg,True,96,Active,8,Fribourg,5873.0,504167,59.0,2.0,E-Bike,26.0,Sponsor 26
2023-09-24 03:38:00,778,46.81077819593714,7.139183090960676,P+R La Chassotte,Route du Jura,1700,Fribourg,True,96,Active,8,Fribourg,5913.0,503850,30.0,2.0,E-Bike,26.0,Sponsor 26
2023-09-24 03:38:00,778,46.81077819593714,7.139183090960676,P+R La Chassotte,Route du Jura,1700,Fribourg,True,96,Active,8,Fribourg,4442.0,101929,,1.0,Bike,26.0,Sponsor 26
2023-09-24 03:38:00,778,46.81077819593714,7.139183090960676,P+R La Chassotte,Route du Jura,1700,Fribourg,True,96,Active,8,Fribourg,1942.0,500988,25.0,2.0,E-Bike,26.0,Sponsor 26
2023-09-24 03:38:00,778,46.81077819593714,7.139183090960676,P+R La Chassotte,Route du Jura,1700,Fribourg,True,96,Active,8,Fribourg,4291.0,104244,,1.0,Bike,26.0,Sponsor 26
2023-09-24 03:38:00,778,46.81077819593714,7.139183090960676,P+R La Chassotte,Route du Jura,1700,Fribourg,True,96,Active,8,Fribourg,5886.0,104009,,1.0,Bike,26.0,Sponsor 26
2023-09-24 03:38:00,778,46.81077819593714,7.139183090960676,P+R La Chassotte,Route du Jura,1700,Fribourg,True,96,Active,8,Fribourg,5699.0,104128,,1.0,Bike,26.0,Sponsor 26
2023-09-24 03:38:00,778,46.81077819593714,7.139183090960676,P+R La Chassotte,Route du Jura,1700,Fribourg,True,96,Active,8,Fribourg,5819.0,104975,,1.0,Bike,26.0,Sponsor 26
2023-09-24 03:38:00,778,46.81077819593714,7.139183090960676,P+R La Chassotte,Route du Jura,1700,Fribourg,True,96,Active,8,Fribourg,5321.0,103833,,1.0,Bike,26.0,Sponsor 26
2023-09-24 03:38:00,778,46.81077819593714,7.139183090960676,P+R La Chassotte,Route du Jura,1700,Fribourg,True,96,Active,8,Fribourg,4991.0,503021,32.0,2.0,E-Bike,26.0,Sponsor 26
2023-09-24 03:38:00,778,46.81077819593714,7.139183090960676,P+R La Chassotte,Route du Jura,1700,Fribourg,True,96,Active,8,Fribourg,4280.0,503157,19.0,2.0,E-Bike,26.0,Sponsor 26
2023-09-24 03:38:00,778,46.81077819593714,7.139183090960676,P+R La Chassotte,Route du Jura,1700,Fribourg,True,96,Active,8,Fribourg,1904.0,500952,61.0,2.0,E-Bike,26.0,Sponsor 26
2023-09-24 03:38:00,459,46.958241,7.4474859,Römerweg,Turnweg 19,3013,Bern,True,32,Active,5,Bern,2152.0,102368,,1.0,Bike,,
2023-09-24 03:38:00,459,46.958241,7.4474859,Römerweg,Turnweg 19,3013,Bern,True,32,Active,5,Bern,2313.0,102476,,1.0,Bike,,
2023-09-24 03:38:00,459,46.958241,7.4474859,Römerweg,Turnweg 19,3013,Bern,True,32,Active,5,Bern,2512.0,501183,17.0,2.0,E-Bike,,
2023-09-24 03:38:00,459,46.958241,7.4474859,Römerweg,Turnweg 19,3013,Bern,True,32,Active,5,Bern,3020.0,102123,,1.0,Bike,,
2023-09-24 03:38:00,459,46.958241,7.4474859,Römerweg,Turnweg 19,3013,Bern,True,32,Active,5,Bern,2348.0,102520,,1.0,Bike,,
2023-09-24 03:38:00,839,46.52877795845398,6.614257776560184,Parc de Valency,Av. d'Echallens,1004,Lausanne,True,21,Active,2,Lausanne-Morges,10.0,100358,20.0,2.0,E-Bike,11.0,Sponsor 11
2023-09-24 03:38:00,636,46.806876,7.15297,Uni Miséricorde,Avenue de l'Europe 20,1700,Fribourg,True,27,Active,8,Fribourg,1931.0,500963,55.0,2.0,E-Bike,29.0,Sponsor 29
2023-09-24 03:38:00,636,46.806876,7.15297,Uni Miséricorde,Avenue de l'Europe 20,1700,Fribourg,True,27,Active,8,Fribourg,4248.0,501500,51.0,2.0,E-Bike,29.0,Sponsor 29
2023-09-24 03:38:00,636,46.806876,7.15297,Uni Miséricorde,Avenue de l'Europe 20,1700,Fribourg,True,27,Active,8,Fribourg,5826.0,104477,,1.0,Bike,29.0,Sponsor 29
2023-09-24 03:38:00,636,46.806876,7.15297,Uni Miséricorde,Avenue de l'Europe 20,1700,Fribourg,True,27,Active,8,Fribourg,5892.0,503847,58.0,2.0,E-Bike,29.0,Sponsor 29
2023-09-24 03:38:00,636,46.806876,7.15297,Uni Miséricorde,Avenue de l'Europe 20,1700,Fribourg,True,27,Active,8,Fribourg,4276.0,503163,53.0,2.0,E-Bike,29.0,Sponsor 29
2023-09-24 03:38:00,636,46.806876,7.15297,Uni Miséricorde,Avenue de l'Europe 20,1700,Fribourg,True,27,Active,8,Fribourg,5320.0,103836,,1.0,Bike,29.0,Sponsor 29
2023-09-24 03:38:00,636,46.806876,7.15297,Uni Miséricorde,Avenue de l'Europe 20,1700,Fribourg,True,27,Active,8,Fribourg,5803.0,105000,,1.0,Bike,29.0,Sponsor 29
2023-09-24 03:38:00,636,46.806876,7.15297,Uni Miséricorde,Avenue de l'Europe 20,1700,Fribourg,True,27,Active,8,Fribourg,4261.0,501497,50.0,2.0,E-Bike,29.0,Sponsor 29
2023-09-24 03:38:00,43,46.005849,8.961709,Campo Marzio,Viale Castagnola 4,6900,Lugano,True,21,Active,3,Sottoceneri (TI),5469.0,104555,,1.0,Bike,,
2023-09-24 03:38:00,43,46.005849,8.961709,Campo Marzio,Viale Castagnola 4,6900,Lugano,True,21,Active,3,Sottoceneri (TI),4197.0,101927,,1.0,Bike,,
2023-09-24 03:38:00,43,46.005849,8.961709,Campo Marzio,Viale Castagnola 4,6900,Lugano,True,21,Active,3,Sottoceneri (TI),1759.0,101743,,1.0,Bike,,
2023-09-24 03:38:00,259,46.9539295,7.4267524,Waldheim,Freiestrasse 43,3012,Bern,True,10,Active,5,Bern,3607.0,800008,,1.0,Bike,,
2023-09-24 03:38:00,259,46.9539295,7.4267524,Waldheim,Freiestrasse 43,3012,Bern,True,10,Active,5,Bern,1265.0,501993,89.0,2.0,E-Bike,,
2023-09-24 03:38:00,259,46.9539295,7.4267524,Waldheim,Freiestrasse 43,3012,Bern,True,10,Active,5,Bern,4146.0,500895,57.0,2.0,E-Bike,,
2023-09-24 03:38:00,259,46.9539295,7.4267524,Waldheim,Freiestrasse 43,3012,Bern,True,10,Active,5,Bern,1226.0,103395,,1.0,Bike,,
2023-09-24 03:38:00,259,46.9539295,7.4267524,Waldheim,Freiestrasse 43,3012,Bern,True,10,Active,5,Bern,4307.0,500653,16.0,2.0,E-Bike,,
2023-09-24 03:38:00,259,46.9539295,7.4267524,Waldheim,Freiestrasse 43,3012,Bern,True,10,Active,5,Bern,2698.0,102640,,1.0,Bike,,
2023-09-24 03:38:00,259,46.9539295,7.4267524,Waldheim,Freiestrasse 43,3012,Bern,True,10,Active,5,Bern,4032.0,500869,41.0,2.0,E-Bike,,
2023-09-24 03:38:00,259,46.9539295,7.4267524,Waldheim,Freiestrasse 43,3012,Bern,True,10,Active,5,Bern,988.0,500338,51.0,2.0,E-Bike,,
2023-09-24 03:38:00,319,47.00268,7.44109,Post IT Zollikofen,Webergutstrasse 12,3052,Zollikofen,True,16,Active (empty),5,Bern,,,,,,,
2023-09-24 03:38:00,93,47.384918,8.531935,Limmatplatz,Kornhausbrücke 1,8005,Zürich,True,32,Active,6,Zürich,3755.0,103146,,1.0,Bike,,
2023-09-24 03:38:00,93,47.384918,8.531935,Limmatplatz,Kornhausbrücke 1,8005,Zürich,True,32,Active,6,Zürich,1834.0,500914,44.0,2.0,E-Bike,,
2023-09-24 03:38:00,93,47.384918,8.531935,Limmatplatz,Kornhausbrücke 1,8005,Zürich,True,32,Active,6,Zürich,2477.0,102604,,1.0,Bike,,
2023-09-24 03:38:00,93,47.384918,8.531935,Limmatplatz,Kornhausbrücke 1,8005,Zürich,True,32,Active,6,Zürich,3762.0,103139,,1.0,Bike,,
2023-09-24 03:38:00,93,47.384918,8.531935,Limmatplatz,Kornhausbrücke 1,8005,Zürich,True,32,Active,6,Zürich,4831.0,500610,33.0,2.0,E-Bike,,
2023-09-24 03:38:00,93,47.384918,8.531935,Limmatplatz,Kornhausbrücke 1,8005,Zürich,True,32,Active,6,Zürich,554.0,101207,,1.0,Bike,,
2023-09-24 03:38:00,93,47.384918,8.531935,Limmatplatz,Kornhausbrücke 1,8005,Zürich,True,32,Active,6,Zürich,3130.0,102840,,1.0,Bike,,
2023-09-24 03:38:00,93,47.384918,8.531935,Limmatplatz,Kornhausbrücke 1,8005,Zürich,True,32,Active,6,Zürich,2382.0,102535,,1.0,Bike,,
2023-09-24 03:38:00,93,47.384918,8.531935,Limmatplatz,Kornhausbrücke 1,8005,Zürich,True,32,Active,6,Zürich,3082.0,102820,,1.0,Bike,,
2023-09-24 03:38:00,93,47.384918,8.531935,Limmatplatz,Kornhausbrücke 1,8005,Zürich,True,32,Active,6,Zürich,683.0,101215,,1.0,Bike,,
2023-09-24 03:38:00,546,46.939462,7.46973,Elfenauweg,Elfenauweg 6a,3006,Bern,True,29,Active,5,Bern,4905.0,502950,52.0,2.0,E-Bike,,
2023-09-24 03:38:00,546,46.939462,7.46973,Elfenauweg,Elfenauweg 6a,3006,Bern,True,29,Active,5,Bern,3351.0,501261,15.0,2.0,E-Bike,,
2023-09-24 03:38:00,546,46.939462,7.46973,Elfenauweg,Elfenauweg 6a,3006,Bern,True,29,Active,5,Bern,1372.0,501889,48.0,2.0,E-Bike,,
2023-09-24 03:38:00,546,46.939462,7.46973,Elfenauweg,Elfenauweg 6a,3006,Bern,True,29,Active,5,Bern,2369.0,501330,90.0,2.0,E-Bike,,
2023-09-24 03:38:00,184,46.9489732,7.3882333,Tscharnergut,Waldmannstrasse 31,3027,Bern,True,8,Active,5,Bern,1126.0,502669,63.0,2.0,E-Bike,,
2023-09-24 03:38:00,184,46.9489732,7.3882333,Tscharnergut,Waldmannstrasse 31,3027,Bern,True,8,Active,5,Bern,1236.0,501973,99.0,2.0,E-Bike,,
2023-09-24 03:38:00,184,46.9489732,7.3882333,Tscharnergut,Waldmannstrasse 31,3027,Bern,True,8,Active,5,Bern,6004.0,503530,99.0,2.0,E-Bike,,
2023-09-24 03:38:00,184,46.9489732,7.3882333,Tscharnergut,Waldmannstrasse 31,3027,Bern,True,8,Active,5,Bern,4914.0,500544,98.0,2.0,E-Bike,,
2023-09-24 03:38:00,184,46.9489732,7.3882333,Tscharnergut,Waldmannstrasse 31,3027,Bern,True,8,Active,5,Bern,3724.0,103111,,1.0,Bike,,
2023-09-24 03:38:00,184,46.9489732,7.3882333,Tscharnergut,Waldmannstrasse 31,3027,Bern,True,8,Active,5,Bern,2508.0,501598,32.0,2.0,E-Bike,,
2023-09-24 03:38:00,438,46.0036519,8.9529036,CHIUSO per maratona fino al 25.09.2023: Piazza Manzoni,Piazza Manzoni,6900,Lugano,True,80,Inactive,3,Sottoceneri (TI),,,,,,,
2023-09-24 03:38:00,556,47.391289,8.537546,Schaffhauserplatz,Rotbuchstrasse 15,8006,Zürich,True,18,Active,6,Zürich,3361.0,501253,51.0,2.0,E-Bike,,
2023-09-24 03:38:00,556,47.391289,8.537546,Schaffhauserplatz,Rotbuchstrasse 15,8006,Zürich,True,18,Active,6,Zürich,4380.0,503261,21.0,2.0,E-Bike,,
2023-09-24 03:38:00,556,47.391289,8.537546,Schaffhauserplatz,Rotbuchstrasse 15,8006,Zürich,True,18,Active,6,Zürich,1083.0,500104,62.0,2.0,E-Bike,,
2023-09-24 03:38:00,556,47.391289,8.537546,Schaffhauserplatz,Rotbuchstrasse 15,8006,Zürich,True,18,Active,6,Zürich,4729.0,500726,37.0,2.0,E-Bike,,
2023-09-24 03:38:00,556,47.391289,8.537546,Schaffhauserplatz,Rotbuchstrasse 15,8006,Zürich,True,18,Active,6,Zürich,1608.0,501844,21.0,2.0,E-Bike,,
2023-09-24 03:38:00,556,47.391289,8.537546,Schaffhauserplatz,Rotbuchstrasse 15,8006,Zürich,True,18,Active,6,Zürich,3512.0,500775,33.0,2.0,E-Bike,,
2023-09-24 03:38:00,556,47.391289,8.537546,Schaffhauserplatz,Rotbuchstrasse 15,8006,Zürich,True,18,Active,6,Zürich,1528.0,501795,51.0,2.0,E-Bike,,
2023-09-24 03:38:00,556,47.391289,8.537546,Schaffhauserplatz,Rotbuchstrasse 15,8006,Zürich,True,18,Active,6,Zürich,2628.0,501398,43.0,2.0,E-Bike,,
2023-09-24 03:38:00,9,46.519805,6.579676,Centre Sportif UNIL EPFL,Route Cantonale,1015,Ecublens,True,32,Active,2,Lausanne-Morges,62.0,100409,46.0,2.0,E-Bike,21.0,Sponsor 21
2023-09-24 03:38:00,9,46.519805,6.579676,Centre Sportif UNIL EPFL,Route Cantonale,1015,Ecublens,True,32,Active,2,Lausanne-Morges,277.0,100224,,1.0,Bike,21.0,Sponsor 21
2023-09-24 03:38:00,9,46.519805,6.579676,Centre Sportif UNIL EPFL,Route Cantonale,1015,Ecublens,True,32,Active,2,Lausanne-Morges,6063.0,105045,,1.0,Bike,21.0,Sponsor 21
2023-09-24 03:38:00,9,46.519805,6.579676,Centre Sportif UNIL EPFL,Route Cantonale,1015,Ecublens,True,32,Active,2,Lausanne-Morges,6046.0,104963,,1.0,Bike,21.0,Sponsor 21
2023-09-24 03:38:00,9,46.519805,6.579676,Centre Sportif UNIL EPFL,Route Cantonale,1015,Ecublens,True,32,Active,2,Lausanne-Morges,6044.0,104994,,1.0,Bike,21.0,Sponsor 21
2023-09-24 03:38:00,9,46.519805,6.579676,Centre Sportif UNIL EPFL,Route Cantonale,1015,Ecublens,True,32,Active,2,Lausanne-Morges,6059.0,104133,,1.0,Bike,21.0,Sponsor 21
2023-09-24 03:38:00,9,46.519805,6.579676,Centre Sportif UNIL EPFL,Route Cantonale,1015,Ecublens,True,32,Active,2,Lausanne-Morges,6043.0,104961,,1.0,Bike,21.0,Sponsor 21
2023-09-24 03:38:00,9,46.519805,6.579676,Centre Sportif UNIL EPFL,Route Cantonale,1015,Ecublens,True,32,Active,2,Lausanne-Morges,2040.0,101051,,1.0,Bike,21.0,Sponsor 21
2023-09-24 03:38:00,9,46.519805,6.579676,Centre Sportif UNIL EPFL,Route Cantonale,1015,Ecublens,True,32,Active,2,Lausanne-Morges,2241.0,101870,,1.0,Bike,21.0,Sponsor 21
2023-09-24 03:38:00,9,46.519805,6.579676,Centre Sportif UNIL EPFL,Route Cantonale,1015,Ecublens,True,32,Active,2,Lausanne-Morges,6096.0,105012,,1.0,Bike,21.0,Sponsor 21
2023-09-24 03:38:00,9,46.519805,6.579676,Centre Sportif UNIL EPFL,Route Cantonale,1015,Ecublens,True,32,Active,2,Lausanne-Morges,295.0,104624,,1.0,Bike,21.0,Sponsor 21
2023-09-24 03:38:00,9,46.519805,6.579676,Centre Sportif UNIL EPFL,Route Cantonale,1015,Ecublens,True,32,Active,2,Lausanne-Morges,6088.0,105017,,1.0,Bike,21.0,Sponsor 21
2023-09-24 03:38:00,9,46.519805,6.579676,Centre Sportif UNIL EPFL,Route Cantonale,1015,Ecublens,True,32,Active,2,Lausanne-Morges,3925.0,104713,,1.0,Bike,21.0,Sponsor 21
2023-09-24 03:38:00,9,46.519805,6.579676,Centre Sportif UNIL EPFL,Route Cantonale,1015,Ecublens,True,32,Active,2,Lausanne-Morges,2240.0,101878,,1.0,Bike,21.0,Sponsor 21
2023-09-24 03:38:00,9,46.519805,6.579676,Centre Sportif UNIL EPFL,Route Cantonale,1015,Ecublens,True,32,Active,2,Lausanne-Morges,2070.0,101058,,1.0,Bike,21.0,Sponsor 21
2023-09-24 03:38:00,9,46.519805,6.579676,Centre Sportif UNIL EPFL,Route Cantonale,1015,Ecublens,True,32,Active,2,Lausanne-Morges,2089.0,101034,,1.0,Bike,21.0,Sponsor 21
2023-09-24 03:38:00,9,46.519805,6.579676,Centre Sportif UNIL EPFL,Route Cantonale,1015,Ecublens,True,32,Active,2,Lausanne-Morges,6047.0,104993,,1.0,Bike,21.0,Sponsor 21
2023-09-24 03:38:00,9,46.519805,6.579676,Centre Sportif UNIL EPFL,Route Cantonale,1015,Ecublens,True,32,Active,2,Lausanne-Morges,2086.0,101129,,1.0,Bike,21.0,Sponsor 21
2023-09-24 03:38:00,9,46.519805,6.579676,Centre Sportif UNIL EPFL,Route Cantonale,1015,Ecublens,True,32,Active,2,Lausanne-Morges,6103.0,105084,,1.0,Bike,21.0,Sponsor 21
2023-09-24 03:38:00,9,46.519805,6.579676,Centre Sportif UNIL EPFL,Route Cantonale,1015,Ecublens,True,32,Active,2,Lausanne-Morges,281.0,104740,,1.0,Bike,21.0,Sponsor 21
2023-09-24 03:38:00,9,46.519805,6.579676,Centre Sportif UNIL EPFL,Route Cantonale,1015,Ecublens,True,32,Active,2,Lausanne-Morges,414.0,101008,,1.0,Bike,21.0,Sponsor 21
2023-09-24 03:38:00,9,46.519805,6.579676,Centre Sportif UNIL EPFL,Route Cantonale,1015,Ecublens,True,32,Active,2,Lausanne-Morges,289.0,104734,,1.0,Bike,21.0,Sponsor 21
2023-09-24 03:38:00,176,46.93507926769157,7.389787098013941,Technopark,Morgenstrasse 129,3018,Bern,True,10,Active,5,Bern,3492.0,502622,46.0,2.0,E-Bike,,
2023-09-24 03:38:00,680,46.946852812713296,7.483654624791477,Merzenacker,Obere Zollgasse 94,3006,Bern,True,32,Active,5,Bern,1259.0,501977,32.0,2.0,E-Bike,,
2023-09-24 03:38:00,680,46.946852812713296,7.483654624791477,Merzenacker,Obere Zollgasse 94,3006,Bern,True,32,Active,5,Bern,3331.0,501235,27.0,2.0,E-Bike,,
2023-09-24 03:38:00,680,46.946852812713296,7.483654624791477,Merzenacker,Obere Zollgasse 94,3006,Bern,True,32,Active,5,Bern,1143.0,101366,,1.0,Bike,,
2023-09-24 03:38:00,680,46.946852812713296,7.483654624791477,Merzenacker,Obere Zollgasse 94,3006,Bern,True,32,Active,5,Bern,1199.0,500491,69.0,2.0,E-Bike,,
2023-09-24 03:38:00,680,46.946852812713296,7.483654624791477,Merzenacker,Obere Zollgasse 94,3006,Bern,True,32,Active,5,Bern,3858.0,103365,,1.0,Bike,,
2023-09-24 03:38:00,680,46.946852812713296,7.483654624791477,Merzenacker,Obere Zollgasse 94,3006,Bern,True,32,Active,5,Bern,6023.0,503886,59.0,2.0,E-Bike,,
2023-09-24 03:38:00,680,46.946852812713296,7.483654624791477,Merzenacker,Obere Zollgasse 94,3006,Bern,True,32,Active,5,Bern,2579.0,501594,26.0,2.0,E-Bike,,
2023-09-24 03:38:00,680,46.946852812713296,7.483654624791477,Merzenacker,Obere Zollgasse 94,3006,Bern,True,32,Active,5,Bern,4156.0,500902,24.0,2.0,E-Bike,,
2023-09-24 03:38:00,680,46.946852812713296,7.483654624791477,Merzenacker,Obere Zollgasse 94,3006,Bern,True,32,Active,5,Bern,2790.0,501194,74.0,2.0,E-Bike,,
2023-09-24 03:38:00,680,46.946852812713296,7.483654624791477,Merzenacker,Obere Zollgasse 94,3006,Bern,True,32,Active,5,Bern,1365.0,501872,41.0,2.0,E-Bike,,
2023-09-24 03:38:00,680,46.946852812713296,7.483654624791477,Merzenacker,Obere Zollgasse 94,3006,Bern,True,32,Active,5,Bern,4966.0,502560,58.0,2.0,E-Bike,,
2023-09-24 03:38:00,680,46.946852812713296,7.483654624791477,Merzenacker,Obere Zollgasse 94,3006,Bern,True,32,Active,5,Bern,954.0,500326,73.0,2.0,E-Bike,,
2023-09-24 03:38:00,680,46.946852812713296,7.483654624791477,Merzenacker,Obere Zollgasse 94,3006,Bern,True,32,Active,5,Bern,2349.0,103378,,1.0,Bike,,
2023-09-24 03:38:00,680,46.946852812713296,7.483654624791477,Merzenacker,Obere Zollgasse 94,3006,Bern,True,32,Active,5,Bern,4022.0,502596,11.0,2.0,E-Bike,,
2023-09-24 03:38:00,680,46.946852812713296,7.483654624791477,Merzenacker,Obere Zollgasse 94,3006,Bern,True,32,Active,5,Bern,4891.0,501141,38.0,2.0,E-Bike,,
2023-09-24 03:38:00,680,46.946852812713296,7.483654624791477,Merzenacker,Obere Zollgasse 94,3006,Bern,True,32,Active,5,Bern,5999.0,503832,90.0,2.0,E-Bike,,
2023-09-24 03:38:00,680,46.946852812713296,7.483654624791477,Merzenacker,Obere Zollgasse 94,3006,Bern,True,32,Active,5,Bern,2011.0,501919,56.0,2.0,E-Bike,,
2023-09-24 03:38:00,680,46.946852812713296,7.483654624791477,Merzenacker,Obere Zollgasse 94,3006,Bern,True,32,Active,5,Bern,1650.0,501728,15.0,2.0,E-Bike,,
2023-09-24 03:38:00,680,46.946852812713296,7.483654624791477,Merzenacker,Obere Zollgasse 94,3006,Bern,True,32,Active,5,Bern,4530.0,103371,,1.0,Bike,,
2023-09-24 03:38:00,104,47.373935,8.538633,Rennweg,Bahnhofstrasse 66,8001,Zürich,True,19,Active,6,Zürich,482.0,101185,,1.0,Bike,,
2023-09-24 03:38:00,104,47.373935,8.538633,Rennweg,Bahnhofstrasse 66,8001,Zürich,True,19,Active,6,Zürich,2220.0,102278,,1.0,Bike,,
2023-09-24 03:38:00,104,47.373935,8.538633,Rennweg,Bahnhofstrasse 66,8001,Zürich,True,19,Active,6,Zürich,3120.0,102838,,1.0,Bike,,
2023-09-24 03:38:00,104,47.373935,8.538633,Rennweg,Bahnhofstrasse 66,8001,Zürich,True,19,Active,6,Zürich,616.0,101426,,1.0,Bike,,
2023-09-24 03:38:00,104,47.373935,8.538633,Rennweg,Bahnhofstrasse 66,8001,Zürich,True,19,Active,6,Zürich,537.0,101273,,1.0,Bike,,
2023-09-24 03:38:00,104,47.373935,8.538633,Rennweg,Bahnhofstrasse 66,8001,Zürich,True,19,Active,6,Zürich,3385.0,102920,,1.0,Bike,,
2023-09-24 03:38:00,853,46.51061054877812,6.659367730704223,Gare de Pully sud,Place de la Gare 1,1009,Pully,True,80,Active,2,Lausanne-Morges,5755.0,503821,19.0,2.0,E-Bike,,
2023-09-24 03:38:00,853,46.51061054877812,6.659367730704223,Gare de Pully sud,Place de la Gare 1,1009,Pully,True,80,Active,2,Lausanne-Morges,5634.0,102400,,1.0,Bike,,
2023-09-24 03:38:00,853,46.51061054877812,6.659367730704223,Gare de Pully sud,Place de la Gare 1,1009,Pully,True,80,Active,2,Lausanne-Morges,6040.0,104137,,1.0,Bike,,
2023-09-24 03:38:00,853,46.51061054877812,6.659367730704223,Gare de Pully sud,Place de la Gare 1,1009,Pully,True,80,Active,2,Lausanne-Morges,6067.0,105051,,1.0,Bike,,
2023-09-24 03:38:00,853,46.51061054877812,6.659367730704223,Gare de Pully sud,Place de la Gare 1,1009,Pully,True,80,Active,2,Lausanne-Morges,5091.0,502901,54.0,2.0,E-Bike,,
2023-09-24 03:38:00,853,46.51061054877812,6.659367730704223,Gare de Pully sud,Place de la Gare 1,1009,Pully,True,80,Active,2,Lausanne-Morges,99.0,100247,,1.0,Bike,,
2023-09-24 03:38:00,853,46.51061054877812,6.659367730704223,Gare de Pully sud,Place de la Gare 1,1009,Pully,True,80,Active,2,Lausanne-Morges,378.0,100267,,2.0,E-Bike,,
2023-09-24 03:38:00,853,46.51061054877812,6.659367730704223,Gare de Pully sud,Place de la Gare 1,1009,Pully,True,80,Active,2,Lausanne-Morges,5776.0,503764,18.0,2.0,E-Bike,,
2023-09-24 03:38:00,853,46.51061054877812,6.659367730704223,Gare de Pully sud,Place de la Gare 1,1009,Pully,True,80,Active,2,Lausanne-Morges,6143.0,504258,36.0,2.0,E-Bike,,
2023-09-24 03:38:00,853,46.51061054877812,6.659367730704223,Gare de Pully sud,Place de la Gare 1,1009,Pully,True,80,Active,2,Lausanne-Morges,6131.0,504327,20.0,2.0,E-Bike,,
2023-09-24 03:38:00,853,46.51061054877812,6.659367730704223,Gare de Pully sud,Place de la Gare 1,1009,Pully,True,80,Active,2,Lausanne-Morges,5984.0,503994,20.0,2.0,E-Bike,,
2023-09-24 03:38:00,853,46.51061054877812,6.659367730704223,Gare de Pully sud,Place de la Gare 1,1009,Pully,True,80,Active,2,Lausanne-Morges,5757.0,503823,39.0,2.0,E-Bike,,
2023-09-24 03:38:00,853,46.51061054877812,6.659367730704223,Gare de Pully sud,Place de la Gare 1,1009,Pully,True,80,Active,2,Lausanne-Morges,4226.0,101917,,1.0,Bike,,
2023-09-24 03:38:00,853,46.51061054877812,6.659367730704223,Gare de Pully sud,Place de la Gare 1,1009,Pully,True,80,Active,2,Lausanne-Morges,14.0,100374,13.0,2.0,E-Bike,,
2023-09-24 03:38:00,853,46.51061054877812,6.659367730704223,Gare de Pully sud,Place de la Gare 1,1009,Pully,True,80,Active,2,Lausanne-Morges,5947.0,503783,22.0,2.0,E-Bike,,
2023-09-24 03:38:00,782,46.029052,8.969857,Ecocentro Pregassona,Via Ruggì 46,6963,Pregassona,True,21,Active,3,Sottoceneri (TI),5406.0,503692,90.0,2.0,E-Bike,,
2023-09-24 03:38:00,782,46.029052,8.969857,Ecocentro Pregassona,Via Ruggì 46,6963,Pregassona,True,21,Active,3,Sottoceneri (TI),1355.0,501914,76.0,2.0,E-Bike,,
2023-09-24 03:38:00,782,46.029052,8.969857,Ecocentro Pregassona,Via Ruggì 46,6963,Pregassona,True,21,Active,3,Sottoceneri (TI),5509.0,104562,,1.0,Bike,,
2023-09-24 03:38:00,782,46.029052,8.969857,Ecocentro Pregassona,Via Ruggì 46,6963,Pregassona,True,21,Active,3,Sottoceneri (TI),5418.0,503571,68.0,2.0,E-Bike,,
2023-09-24 03:38:00,105,47.377359,8.535855,Sihlpost,Kasernenstrasse 101,8004,Zürich,True,56,Active,6,Zürich,3547.0,501156,59.0,2.0,E-Bike,,
2023-09-24 03:38:00,783,45.994723,8.943257,Casserina,Via Clemente Maraini 39,6900,Lugano,True,19,Active,3,Sottoceneri (TI),4123.0,501531,45.0,2.0,E-Bike,,
2023-09-24 03:38:00,482,46.9364423,7.437876,Friedheimweg SECO,Friedheimweg 9f,3007,Bern,True,27,Active,5,Bern,6025.0,503749,13.0,2.0,E-Bike,,
2023-09-24 03:38:00,482,46.9364423,7.437876,Friedheimweg SECO,Friedheimweg 9f,3007,Bern,True,27,Active,5,Bern,3612.0,102984,,1.0,Bike,,
2023-09-24 03:38:00,482,46.9364423,7.437876,Friedheimweg SECO,Friedheimweg 9f,3007,Bern,True,27,Active,5,Bern,1497.0,101605,,1.0,Bike,,
2023-09-24 03:38:00,482,46.9364423,7.437876,Friedheimweg SECO,Friedheimweg 9f,3007,Bern,True,27,Active,5,Bern,3721.0,103077,,1.0,Bike,,
2023-09-24 03:38:00,482,46.9364423,7.437876,Friedheimweg SECO,Friedheimweg 9f,3007,Bern,True,27,Active,5,Bern,1370.0,500638,39.0,2.0,E-Bike,,
2023-09-24 03:38:00,482,46.9364423,7.437876,Friedheimweg SECO,Friedheimweg 9f,3007,Bern,True,27,Active,5,Bern,1011.0,101539,,1.0,Bike,,
2023-09-24 03:38:00,482,46.9364423,7.437876,Friedheimweg SECO,Friedheimweg 9f,3007,Bern,True,27,Active,5,Bern,3149.0,102705,,1.0,Bike,,
2023-09-24 03:38:00,482,46.9364423,7.437876,Friedheimweg SECO,Friedheimweg 9f,3007,Bern,True,27,Active,5,Bern,3603.0,102988,,1.0,Bike,,
2023-09-24 03:38:00,482,46.9364423,7.437876,Friedheimweg SECO,Friedheimweg 9f,3007,Bern,True,27,Active,5,Bern,1004.0,101525,,1.0,Bike,,
2023-09-24 03:38:00,482,46.9364423,7.437876,Friedheimweg SECO,Friedheimweg 9f,3007,Bern,True,27,Active,5,Bern,2312.0,102468,,1.0,Bike,,
2023-09-24 03:38:00,482,46.9364423,7.437876,Friedheimweg SECO,Friedheimweg 9f,3007,Bern,True,27,Active,5,Bern,3587.0,102997,,1.0,Bike,,
2023-09-24 03:38:00,482,46.9364423,7.437876,Friedheimweg SECO,Friedheimweg 9f,3007,Bern,True,27,Active,5,Bern,3146.0,102698,,1.0,Bike,,
2023-09-24 03:38:00,309,46.9405957,7.418738,Fischermätteli,Könizstrasse 73,3008,Bern,True,10,Active,5,Bern,2731.0,102100,,1.0,Bike,,
2023-09-24 03:38:00,309,46.9405957,7.418738,Fischermätteli,Könizstrasse 73,3008,Bern,True,10,Active,5,Bern,3634.0,102983,,1.0,Bike,,
2023-09-24 03:38:00,309,46.9405957,7.418738,Fischermätteli,Könizstrasse 73,3008,Bern,True,10,Active,5,Bern,1427.0,501749,20.0,2.0,E-Bike,,
2023-09-24 03:38:00,309,46.9405957,7.418738,Fischermätteli,Könizstrasse 73,3008,Bern,True,10,Active,5,Bern,4563.0,104091,,1.0,Bike,,
2023-09-24 03:38:00,309,46.9405957,7.418738,Fischermätteli,Könizstrasse 73,3008,Bern,True,10,Active,5,Bern,1099.0,500463,77.0,2.0,E-Bike,,
2023-09-24 03:38:00,309,46.9405957,7.418738,Fischermätteli,Könizstrasse 73,3008,Bern,True,10,Active,5,Bern,2277.0,102058,,1.0,Bike,,
2023-09-24 03:38:00,309,46.9405957,7.418738,Fischermätteli,Könizstrasse 73,3008,Bern,True,10,Active,5,Bern,2141.0,102367,,1.0,Bike,,
2023-09-24 03:38:00,309,46.9405957,7.418738,Fischermätteli,Könizstrasse 73,3008,Bern,True,10,Active,5,Bern,3798.0,102153,,1.0,Bike,,
2023-09-24 03:38:00,309,46.9405957,7.418738,Fischermätteli,Könizstrasse 73,3008,Bern,True,10,Active,5,Bern,2760.0,102308,,1.0,Bike,,
2023-09-24 03:38:00,309,46.9405957,7.418738,Fischermätteli,Könizstrasse 73,3008,Bern,True,10,Active,5,Bern,3141.0,102195,,1.0,Bike,,
2023-09-24 03:38:00,309,46.9405957,7.418738,Fischermätteli,Könizstrasse 73,3008,Bern,True,10,Active,5,Bern,2961.0,102223,,1.0,Bike,,
2023-09-24 03:38:00,309,46.9405957,7.418738,Fischermätteli,Könizstrasse 73,3008,Bern,True,10,Active,5,Bern,2368.0,102525,,1.0,Bike,,
2023-09-24 03:38:00,309,46.9405957,7.418738,Fischermätteli,Könizstrasse 73,3008,Bern,True,10,Active,5,Bern,3353.0,501278,80.0,2.0,E-Bike,,
2023-09-24 03:38:00,309,46.9405957,7.418738,Fischermätteli,Könizstrasse 73,3008,Bern,True,10,Active,5,Bern,3025.0,102323,,1.0,Bike,,
2023-09-24 03:38:00,309,46.9405957,7.418738,Fischermätteli,Könizstrasse 73,3008,Bern,True,10,Active,5,Bern,2160.0,102002,,1.0,Bike,,
2023-09-24 03:38:00,309,46.9405957,7.418738,Fischermätteli,Könizstrasse 73,3008,Bern,True,10,Active,5,Bern,3863.0,103233,,1.0,Bike,,
2023-09-24 03:38:00,309,46.9405957,7.418738,Fischermätteli,Könizstrasse 73,3008,Bern,True,10,Active,5,Bern,1374.0,501881,64.0,2.0,E-Bike,,
2023-09-24 03:38:00,309,46.9405957,7.418738,Fischermätteli,Könizstrasse 73,3008,Bern,True,10,Active,5,Bern,1621.0,101680,,1.0,Bike,,
2023-09-24 03:38:00,309,46.9405957,7.418738,Fischermätteli,Könizstrasse 73,3008,Bern,True,10,Active,5,Bern,3212.0,102792,,1.0,Bike,,
2023-09-24 03:38:00,309,46.9405957,7.418738,Fischermätteli,Könizstrasse 73,3008,Bern,True,10,Active,5,Bern,3578.0,102992,,1.0,Bike,,
2023-09-24 03:38:00,309,46.9405957,7.418738,Fischermätteli,Könizstrasse 73,3008,Bern,True,10,Active,5,Bern,1181.0,500389,29.0,2.0,E-Bike,,
2023-09-24 03:38:00,309,46.9405957,7.418738,Fischermätteli,Könizstrasse 73,3008,Bern,True,10,Active,5,Bern,4573.0,104210,,1.0,Bike,,
2023-09-24 03:38:00,309,46.9405957,7.418738,Fischermätteli,Könizstrasse 73,3008,Bern,True,10,Active,5,Bern,4010.0,502641,46.0,2.0,E-Bike,,
2023-09-24 03:38:00,309,46.9405957,7.418738,Fischermätteli,Könizstrasse 73,3008,Bern,True,10,Active,5,Bern,2595.0,104214,,1.0,Bike,,
2023-09-24 03:38:00,309,46.9405957,7.418738,Fischermätteli,Könizstrasse 73,3008,Bern,True,10,Active,5,Bern,3192.0,102759,,1.0,Bike,,
2023-09-24 03:38:00,309,46.9405957,7.418738,Fischermätteli,Könizstrasse 73,3008,Bern,True,10,Active,5,Bern,1214.0,102380,,1.0,Bike,,
2023-09-24 03:38:00,309,46.9405957,7.418738,Fischermätteli,Könizstrasse 73,3008,Bern,True,10,Active,5,Bern,3355.0,501270,14.0,2.0,E-Bike,,
2023-09-24 03:38:00,309,46.9405957,7.418738,Fischermätteli,Könizstrasse 73,3008,Bern,True,10,Active,5,Bern,1452.0,103394,,1.0,Bike,,
2023-09-24 03:38:00,309,46.9405957,7.418738,Fischermätteli,Könizstrasse 73,3008,Bern,True,10,Active,5,Bern,4344.0,503188,50.0,2.0,E-Bike,,
2023-09-24 03:38:00,309,46.9405957,7.418738,Fischermätteli,Könizstrasse 73,3008,Bern,True,10,Active,5,Bern,1034.0,500360,19.0,2.0,E-Bike,,
2023-09-24 03:38:00,882,46.927744881476436,7.370069357719424,Bodelenweg,Bodelenweg 100,3172,Köniz,True,16,Active,5,Bern,2338.0,504464,59.0,2.0,E-Bike,,
2023-09-24 03:38:00,882,46.927744881476436,7.370069357719424,Bodelenweg,Bodelenweg 100,3172,Köniz,True,16,Active,5,Bern,1138.0,500447,55.0,2.0,E-Bike,,
2023-09-24 03:38:00,882,46.927744881476436,7.370069357719424,Bodelenweg,Bodelenweg 100,3172,Köniz,True,16,Active,5,Bern,4105.0,500886,51.0,2.0,E-Bike,,
2023-09-24 03:38:00,882,46.927744881476436,7.370069357719424,Bodelenweg,Bodelenweg 100,3172,Köniz,True,16,Active,5,Bern,1373.0,500637,78.0,2.0,E-Bike,,
2023-09-24 03:38:00,882,46.927744881476436,7.370069357719424,Bodelenweg,Bodelenweg 100,3172,Köniz,True,16,Active,5,Bern,1284.0,501957,27.0,2.0,E-Bike,,
2023-09-24 03:38:00,882,46.927744881476436,7.370069357719424,Bodelenweg,Bodelenweg 100,3172,Köniz,True,16,Active,5,Bern,4322.0,502667,82.0,2.0,E-Bike,,
2023-09-24 03:38:00,882,46.927744881476436,7.370069357719424,Bodelenweg,Bodelenweg 100,3172,Köniz,True,16,Active,5,Bern,4359.0,503225,95.0,2.0,E-Bike,,
2023-09-24 03:38:00,882,46.927744881476436,7.370069357719424,Bodelenweg,Bodelenweg 100,3172,Köniz,True,16,Active,5,Bern,1049.0,101492,,1.0,Bike,,
2023-09-24 03:38:00,882,46.927744881476436,7.370069357719424,Bodelenweg,Bodelenweg 100,3172,Köniz,True,16,Active,5,Bern,4938.0,500673,66.0,2.0,E-Bike,,
2023-09-24 03:38:00,882,46.927744881476436,7.370069357719424,Bodelenweg,Bodelenweg 100,3172,Köniz,True,16,Active,5,Bern,1018.0,501099,65.0,2.0,E-Bike,,
2023-09-24 03:38:00,540,47.403822,8.546464,Berninaplatz,Berninastrasse 45,8057,Zürich,True,22,Active,6,Zürich,4715.0,500691,17.0,2.0,E-Bike,,
2023-09-24 03:38:00,540,47.403822,8.546464,Berninaplatz,Berninastrasse 45,8057,Zürich,True,22,Active,6,Zürich,786.0,503598,44.0,2.0,E-Bike,,
2023-09-24 03:38:00,540,47.403822,8.546464,Berninaplatz,Berninastrasse 45,8057,Zürich,True,22,Active,6,Zürich,933.0,500117,18.0,2.0,E-Bike,,
2023-09-24 03:38:00,540,47.403822,8.546464,Berninaplatz,Berninastrasse 45,8057,Zürich,True,22,Active,6,Zürich,4828.0,500580,58.0,2.0,E-Bike,,
2023-09-24 03:38:00,540,47.403822,8.546464,Berninaplatz,Berninastrasse 45,8057,Zürich,True,22,Active,6,Zürich,4633.0,503085,47.0,2.0,E-Bike,,
2023-09-24 03:38:00,540,47.403822,8.546464,Berninaplatz,Berninastrasse 45,8057,Zürich,True,22,Active,6,Zürich,3509.0,503547,13.0,2.0,E-Bike,,
2023-09-24 03:38:00,589,46.9427868,7.3870759,Brünnenstrasse,Brünnenstrasse 80,3018,Bern,True,26,Active,5,Bern,3004.0,101843,,1.0,Bike,,
2023-09-24 03:38:00,589,46.9427868,7.3870759,Brünnenstrasse,Brünnenstrasse 80,3018,Bern,True,26,Active,5,Bern,4164.0,500633,54.0,2.0,E-Bike,,
2023-09-24 03:38:00,589,46.9427868,7.3870759,Brünnenstrasse,Brünnenstrasse 80,3018,Bern,True,26,Active,5,Bern,6224.0,101997,,1.0,Bike,,
2023-09-24 03:38:00,589,46.9427868,7.3870759,Brünnenstrasse,Brünnenstrasse 80,3018,Bern,True,26,Active,5,Bern,4351.0,501143,54.0,2.0,E-Bike,,
2023-09-24 03:38:00,589,46.9427868,7.3870759,Brünnenstrasse,Brünnenstrasse 80,3018,Bern,True,26,Active,5,Bern,2260.0,102032,,1.0,Bike,,
2023-09-24 03:38:00,589,46.9427868,7.3870759,Brünnenstrasse,Brünnenstrasse 80,3018,Bern,True,26,Active,5,Bern,3328.0,501269,86.0,2.0,E-Bike,,
2023-09-24 03:38:00,589,46.9427868,7.3870759,Brünnenstrasse,Brünnenstrasse 80,3018,Bern,True,26,Active,5,Bern,1445.0,501774,68.0,2.0,E-Bike,,
2023-09-24 03:38:00,589,46.9427868,7.3870759,Brünnenstrasse,Brünnenstrasse 80,3018,Bern,True,26,Active,5,Bern,2803.0,501358,59.0,2.0,E-Bike,,
2023-09-24 03:38:00,446,47.3663708,8.514176,Binzallee,Talwiesenstrasse 92,8055,Zürich,True,10,Active,6,Zürich,1580.0,101649,,1.0,Bike,,
2023-09-24 03:38:00,446,47.3663708,8.514176,Binzallee,Talwiesenstrasse 92,8055,Zürich,True,10,Active,6,Zürich,4788.0,500704,19.0,2.0,E-Bike,,
2023-09-24 03:38:00,446,47.3663708,8.514176,Binzallee,Talwiesenstrasse 92,8055,Zürich,True,10,Active,6,Zürich,4410.0,503271,30.0,2.0,E-Bike,,
2023-09-24 03:38:00,446,47.3663708,8.514176,Binzallee,Talwiesenstrasse 92,8055,Zürich,True,10,Active,6,Zürich,852.0,500222,62.0,2.0,E-Bike,,
2023-09-24 03:38:00,446,47.3663708,8.514176,Binzallee,Talwiesenstrasse 92,8055,Zürich,True,10,Active,6,Zürich,4667.0,500698,23.0,2.0,E-Bike,,
2023-09-24 03:38:00,446,47.3663708,8.514176,Binzallee,Talwiesenstrasse 92,8055,Zürich,True,10,Active,6,Zürich,1835.0,501322,66.0,2.0,E-Bike,,
2023-09-24 03:38:00,446,47.3663708,8.514176,Binzallee,Talwiesenstrasse 92,8055,Zürich,True,10,Active,6,Zürich,2943.0,101847,,1.0,Bike,,
2023-09-24 03:38:00,446,47.3663708,8.514176,Binzallee,Talwiesenstrasse 92,8055,Zürich,True,10,Active,6,Zürich,4768.0,501157,32.0,2.0,E-Bike,,
2023-09-24 03:38:00,446,47.3663708,8.514176,Binzallee,Talwiesenstrasse 92,8055,Zürich,True,10,Active,6,Zürich,870.0,500213,,2.0,E-Bike,,
2023-09-24 03:38:00,49,46.005707,8.95184,Piazza Mercato/Contrada di Verla,Via Pretorio / Piazza Mercato,6900,Lugano,True,24,Active,3,Sottoceneri (TI),5520.0,104570,,1.0,Bike,,
2023-09-24 03:38:00,49,46.005707,8.95184,Piazza Mercato/Contrada di Verla,Via Pretorio / Piazza Mercato,6900,Lugano,True,24,Active,3,Sottoceneri (TI),5549.0,105156,,1.0,Bike,,
2023-09-24 03:38:00,49,46.005707,8.95184,Piazza Mercato/Contrada di Verla,Via Pretorio / Piazza Mercato,6900,Lugano,True,24,Active,3,Sottoceneri (TI),4180.0,104234,,1.0,Bike,,
2023-09-24 03:38:00,49,46.005707,8.95184,Piazza Mercato/Contrada di Verla,Via Pretorio / Piazza Mercato,6900,Lugano,True,24,Active,3,Sottoceneri (TI),5405.0,104514,,1.0,Bike,,
2023-09-24 03:38:00,49,46.005707,8.95184,Piazza Mercato/Contrada di Verla,Via Pretorio / Piazza Mercato,6900,Lugano,True,24,Active,3,Sottoceneri (TI),5591.0,105224,,1.0,Bike,,
2023-09-24 03:38:00,49,46.005707,8.95184,Piazza Mercato/Contrada di Verla,Via Pretorio / Piazza Mercato,6900,Lugano,True,24,Active,3,Sottoceneri (TI),5620.0,105237,,1.0,Bike,,
2023-09-24 03:38:00,49,46.005707,8.95184,Piazza Mercato/Contrada di Verla,Via Pretorio / Piazza Mercato,6900,Lugano,True,24,Active,3,Sottoceneri (TI),4206.0,105149,,1.0,Bike,,
2023-09-24 03:38:00,49,46.005707,8.95184,Piazza Mercato/Contrada di Verla,Via Pretorio / Piazza Mercato,6900,Lugano,True,24,Active,3,Sottoceneri (TI),6114.0,105127,,1.0,Bike,,
2023-09-24 03:38:00,49,46.005707,8.95184,Piazza Mercato/Contrada di Verla,Via Pretorio / Piazza Mercato,6900,Lugano,True,24,Active,3,Sottoceneri (TI),5626.0,105214,,1.0,Bike,,
2023-09-24 03:38:00,49,46.005707,8.95184,Piazza Mercato/Contrada di Verla,Via Pretorio / Piazza Mercato,6900,Lugano,True,24,Active,3,Sottoceneri (TI),1744.0,101724,,1.0,Bike,,
2023-09-24 03:38:00,49,46.005707,8.95184,Piazza Mercato/Contrada di Verla,Via Pretorio / Piazza Mercato,6900,Lugano,True,24,Active,3,Sottoceneri (TI),5570.0,105162,,1.0,Bike,,
2023-09-24 03:38:00,49,46.005707,8.95184,Piazza Mercato/Contrada di Verla,Via Pretorio / Piazza Mercato,6900,Lugano,True,24,Active,3,Sottoceneri (TI),5493.0,104152,,1.0,Bike,,
2023-09-24 03:38:00,49,46.005707,8.95184,Piazza Mercato/Contrada di Verla,Via Pretorio / Piazza Mercato,6900,Lugano,True,24,Active,3,Sottoceneri (TI),5376.0,104494,,1.0,Bike,,
2023-09-24 03:38:00,49,46.005707,8.95184,Piazza Mercato/Contrada di Verla,Via Pretorio / Piazza Mercato,6900,Lugano,True,24,Active,3,Sottoceneri (TI),4063.0,101911,,1.0,Bike,,
2023-09-24 03:38:00,49,46.005707,8.95184,Piazza Mercato/Contrada di Verla,Via Pretorio / Piazza Mercato,6900,Lugano,True,24,Active,3,Sottoceneri (TI),4060.0,102948,,1.0,Bike,,
2023-09-24 03:38:00,49,46.005707,8.95184,Piazza Mercato/Contrada di Verla,Via Pretorio / Piazza Mercato,6900,Lugano,True,24,Active,3,Sottoceneri (TI),5134.0,104107,,1.0,Bike,,
2023-09-24 03:38:00,49,46.005707,8.95184,Piazza Mercato/Contrada di Verla,Via Pretorio / Piazza Mercato,6900,Lugano,True,24,Active,3,Sottoceneri (TI),5157.0,104070,,1.0,Bike,,
2023-09-24 03:38:00,49,46.005707,8.95184,Piazza Mercato/Contrada di Verla,Via Pretorio / Piazza Mercato,6900,Lugano,True,24,Active,3,Sottoceneri (TI),5468.0,104558,,1.0,Bike,,
2023-09-24 03:38:00,49,46.005707,8.95184,Piazza Mercato/Contrada di Verla,Via Pretorio / Piazza Mercato,6900,Lugano,True,24,Active,3,Sottoceneri (TI),1755.0,101739,,1.0,Bike,,
2023-09-24 03:38:00,49,46.005707,8.95184,Piazza Mercato/Contrada di Verla,Via Pretorio / Piazza Mercato,6900,Lugano,True,24,Active,3,Sottoceneri (TI),1693.0,101706,,1.0,Bike,,
2023-09-24 03:38:00,49,46.005707,8.95184,Piazza Mercato/Contrada di Verla,Via Pretorio / Piazza Mercato,6900,Lugano,True,24,Active,3,Sottoceneri (TI),4050.0,102951,,1.0,Bike,,
2023-09-24 03:38:00,49,46.005707,8.95184,Piazza Mercato/Contrada di Verla,Via Pretorio / Piazza Mercato,6900,Lugano,True,24,Active,3,Sottoceneri (TI),5541.0,104883,,1.0,Bike,,
2023-09-24 03:38:00,49,46.005707,8.95184,Piazza Mercato/Contrada di Verla,Via Pretorio / Piazza Mercato,6900,Lugano,True,24,Active,3,Sottoceneri (TI),5716.0,105212,,1.0,Bike,,
2023-09-24 03:38:00,49,46.005707,8.95184,Piazza Mercato/Contrada di Verla,Via Pretorio / Piazza Mercato,6900,Lugano,True,24,Active,3,Sottoceneri (TI),5184.0,104669,,1.0,Bike,,
2023-09-24 03:38:00,510,46.808006,7.155941,Quartier d'Alt,Derrière-les-Remparts 12,1700,Fribourg,True,22,Active,8,Fribourg,4269.0,503152,39.0,2.0,E-Bike,26.0,Sponsor 26
2023-09-24 03:38:00,510,46.808006,7.155941,Quartier d'Alt,Derrière-les-Remparts 12,1700,Fribourg,True,22,Active,8,Fribourg,5702.0,504187,18.0,2.0,E-Bike,26.0,Sponsor 26
2023-09-24 03:38:00,510,46.808006,7.155941,Quartier d'Alt,Derrière-les-Remparts 12,1700,Fribourg,True,22,Active,8,Fribourg,4277.0,503158,25.0,2.0,E-Bike,26.0,Sponsor 26
2023-09-24 03:38:00,510,46.808006,7.155941,Quartier d'Alt,Derrière-les-Remparts 12,1700,Fribourg,True,22,Active,8,Fribourg,5006.0,503294,,2.0,E-Bike,26.0,Sponsor 26
2023-09-24 03:38:00,510,46.808006,7.155941,Quartier d'Alt,Derrière-les-Remparts 12,1700,Fribourg,True,22,Active,8,Fribourg,5676.0,504193,81.0,2.0,E-Bike,26.0,Sponsor 26
2023-09-24 03:38:00,510,46.808006,7.155941,Quartier d'Alt,Derrière-les-Remparts 12,1700,Fribourg,True,22,Active,8,Fribourg,4274.0,501293,34.0,2.0,E-Bike,26.0,Sponsor 26
2023-09-24 03:38:00,510,46.808006,7.155941,Quartier d'Alt,Derrière-les-Remparts 12,1700,Fribourg,True,22,Active,8,Fribourg,5827.0,102724,,1.0,Bike,26.0,Sponsor 26
2023-09-24 03:38:00,510,46.808006,7.155941,Quartier d'Alt,Derrière-les-Remparts 12,1700,Fribourg,True,22,Active,8,Fribourg,5862.0,504165,37.0,2.0,E-Bike,26.0,Sponsor 26
2023-09-24 03:38:00,510,46.808006,7.155941,Quartier d'Alt,Derrière-les-Remparts 12,1700,Fribourg,True,22,Active,8,Fribourg,4262.0,501480,82.0,2.0,E-Bike,26.0,Sponsor 26
2023-09-24 03:38:00,34,46.532879,6.566487,Croset,Route du Bois 29a,1024,Ecublens,True,13,Active,2,Lausanne-Morges,5935.0,503808,45.0,2.0,E-Bike,8.0,Sponsor 08
2023-09-24 03:38:00,34,46.532879,6.566487,Croset,Route du Bois 29a,1024,Ecublens,True,13,Active,2,Lausanne-Morges,214.0,100274,53.0,2.0,E-Bike,8.0,Sponsor 08
2023-09-24 03:38:00,315,46.9424453,7.4431193,Marzilibad,Marzilistrasse 29,3005,Bern,True,64,Active,5,Bern,2973.0,102173,,1.0,Bike,,
2023-09-24 03:38:00,315,46.9424453,7.4431193,Marzilibad,Marzilistrasse 29,3005,Bern,True,64,Active,5,Bern,2118.0,101957,,1.0,Bike,,
2023-09-24 03:38:00,315,46.9424453,7.4431193,Marzilibad,Marzilistrasse 29,3005,Bern,True,64,Active,5,Bern,3625.0,104162,,1.0,Bike,,
2023-09-24 03:38:00,315,46.9424453,7.4431193,Marzilibad,Marzilistrasse 29,3005,Bern,True,64,Active,5,Bern,1465.0,101578,,1.0,Bike,,
2023-09-24 03:38:00,315,46.9424453,7.4431193,Marzilibad,Marzilistrasse 29,3005,Bern,True,64,Active,5,Bern,2736.0,102152,,1.0,Bike,,
2023-09-24 03:38:00,315,46.9424453,7.4431193,Marzilibad,Marzilistrasse 29,3005,Bern,True,64,Active,5,Bern,2981.0,102178,,1.0,Bike,,
2023-09-24 03:38:00,315,46.9424453,7.4431193,Marzilibad,Marzilistrasse 29,3005,Bern,True,64,Active,5,Bern,3797.0,103161,,1.0,Bike,,
2023-09-24 03:38:00,315,46.9424453,7.4431193,Marzilibad,Marzilistrasse 29,3005,Bern,True,64,Active,5,Bern,3601.0,102990,,1.0,Bike,,
2023-09-24 03:38:00,315,46.9424453,7.4431193,Marzilibad,Marzilistrasse 29,3005,Bern,True,64,Active,5,Bern,2747.0,102410,,1.0,Bike,,
2023-09-24 03:38:00,315,46.9424453,7.4431193,Marzilibad,Marzilistrasse 29,3005,Bern,True,64,Active,5,Bern,1195.0,101553,,1.0,Bike,,
2023-09-24 03:38:00,315,46.9424453,7.4431193,Marzilibad,Marzilistrasse 29,3005,Bern,True,64,Active,5,Bern,2249.0,102027,,1.0,Bike,,
2023-09-24 03:38:00,315,46.9424453,7.4431193,Marzilibad,Marzilistrasse 29,3005,Bern,True,64,Active,5,Bern,3778.0,103165,,1.0,Bike,,
2023-09-24 03:38:00,315,46.9424453,7.4431193,Marzilibad,Marzilistrasse 29,3005,Bern,True,64,Active,5,Bern,3574.0,102246,,1.0,Bike,,
2023-09-24 03:38:00,315,46.9424453,7.4431193,Marzilibad,Marzilistrasse 29,3005,Bern,True,64,Active,5,Bern,978.0,101513,,1.0,Bike,,
2023-09-24 03:38:00,315,46.9424453,7.4431193,Marzilibad,Marzilistrasse 29,3005,Bern,True,64,Active,5,Bern,964.0,101514,,1.0,Bike,,
2023-09-24 03:38:00,315,46.9424453,7.4431193,Marzilibad,Marzilistrasse 29,3005,Bern,True,64,Active,5,Bern,3183.0,104218,,1.0,Bike,,
2023-09-24 03:38:00,315,46.9424453,7.4431193,Marzilibad,Marzilistrasse 29,3005,Bern,True,64,Active,5,Bern,3602.0,102958,,1.0,Bike,,
2023-09-24 03:38:00,315,46.9424453,7.4431193,Marzilibad,Marzilistrasse 29,3005,Bern,True,64,Active,5,Bern,4537.0,104282,,1.0,Bike,,
2023-09-24 03:38:00,315,46.9424453,7.4431193,Marzilibad,Marzilistrasse 29,3005,Bern,True,64,Active,5,Bern,3735.0,104207,,1.0,Bike,,
2023-09-24 03:38:00,315,46.9424453,7.4431193,Marzilibad,Marzilistrasse 29,3005,Bern,True,64,Active,5,Bern,2165.0,102007,,1.0,Bike,,
2023-09-24 03:38:00,699,45.858612,8.940146,Stabio Via Segeno,Via Segeno,6855,Stabio,True,16,Active,3,Sottoceneri (TI),5596.0,104785,,1.0,Bike,,
2023-09-24 03:38:00,699,45.858612,8.940146,Stabio Via Segeno,Via Segeno,6855,Stabio,True,16,Active,3,Sottoceneri (TI),5597.0,104792,,1.0,Bike,,
2023-09-24 03:38:00,699,45.858612,8.940146,Stabio Via Segeno,Via Segeno,6855,Stabio,True,16,Active,3,Sottoceneri (TI),5145.0,104036,,1.0,Bike,,
2023-09-24 03:38:00,87,47.371083,8.536101,Pelikanplatz,Pelikanplatz 5,8001,Zürich,True,19,Active,6,Zürich,481.0,101274,,1.0,Bike,,
2023-09-24 03:38:00,87,47.371083,8.536101,Pelikanplatz,Pelikanplatz 5,8001,Zürich,True,19,Active,6,Zürich,3044.0,102333,,1.0,Bike,,
2023-09-24 03:38:00,87,47.371083,8.536101,Pelikanplatz,Pelikanplatz 5,8001,Zürich,True,19,Active,6,Zürich,3084.0,102823,,1.0,Bike,,
2023-09-24 03:38:00,87,47.371083,8.536101,Pelikanplatz,Pelikanplatz 5,8001,Zürich,True,19,Active,6,Zürich,3933.0,103282,,1.0,Bike,,
2023-09-24 03:38:00,87,47.371083,8.536101,Pelikanplatz,Pelikanplatz 5,8001,Zürich,True,19,Active,6,Zürich,3764.0,103128,,1.0,Bike,,
2023-09-24 03:38:00,87,47.371083,8.536101,Pelikanplatz,Pelikanplatz 5,8001,Zürich,True,19,Active,6,Zürich,3276.0,102852,,1.0,Bike,,
2023-09-24 03:38:00,96,47.378548,8.531836,Gustav-Gull-Platz,Lagerstrasse 44,8004,Zürich,True,32,Active (empty),6,Zürich,,,,,,,
2023-09-24 03:38:00,587,46.005806,8.957374,Parco Ciani,via Lucchini,6900,Lugano,True,32,Active,3,Sottoceneri (TI),5595.0,104800,,1.0,Bike,,
2023-09-24 03:38:00,587,46.005806,8.957374,Parco Ciani,via Lucchini,6900,Lugano,True,32,Active,3,Sottoceneri (TI),5560.0,105233,,1.0,Bike,,
2023-09-24 03:38:00,587,46.005806,8.957374,Parco Ciani,via Lucchini,6900,Lugano,True,32,Active,3,Sottoceneri (TI),5458.0,104451,,1.0,Bike,,
2023-09-24 03:38:00,587,46.005806,8.957374,Parco Ciani,via Lucchini,6900,Lugano,True,32,Active,3,Sottoceneri (TI),161.0,105112,,1.0,Bike,,
2023-09-24 03:38:00,587,46.005806,8.957374,Parco Ciani,via Lucchini,6900,Lugano,True,32,Active,3,Sottoceneri (TI),5348.0,104497,,1.0,Bike,,
2023-09-24 03:38:00,587,46.005806,8.957374,Parco Ciani,via Lucchini,6900,Lugano,True,32,Active,3,Sottoceneri (TI),181.0,100197,,1.0,Bike,,
2023-09-24 03:38:00,587,46.005806,8.957374,Parco Ciani,via Lucchini,6900,Lugano,True,32,Active,3,Sottoceneri (TI),5115.0,104044,,1.0,Bike,,
2023-09-24 03:38:00,587,46.005806,8.957374,Parco Ciani,via Lucchini,6900,Lugano,True,32,Active,3,Sottoceneri (TI),5643.0,105204,,1.0,Bike,,
2023-09-24 03:38:00,587,46.005806,8.957374,Parco Ciani,via Lucchini,6900,Lugano,True,32,Active,3,Sottoceneri (TI),5158.0,104143,,1.0,Bike,,
2023-09-24 03:38:00,587,46.005806,8.957374,Parco Ciani,via Lucchini,6900,Lugano,True,32,Active,3,Sottoceneri (TI),4056.0,102943,,1.0,Bike,,
2023-09-24 03:38:00,834,46.947649789766224,7.416924289192128,Güterstrasse,Güterstrasse 18,3008,Bern,True,80,Active,5,Bern,3782.0,103189,,1.0,Bike,,
2023-09-24 03:38:00,834,46.947649789766224,7.416924289192128,Güterstrasse,Güterstrasse 18,3008,Bern,True,80,Active,5,Bern,4583.0,104001,,1.0,Bike,,
2023-09-24 03:38:00,834,46.947649789766224,7.416924289192128,Güterstrasse,Güterstrasse 18,3008,Bern,True,80,Active,5,Bern,2557.0,103390,,1.0,Bike,,
2023-09-24 03:38:00,834,46.947649789766224,7.416924289192128,Güterstrasse,Güterstrasse 18,3008,Bern,True,80,Active,5,Bern,3458.0,502262,98.0,2.0,E-Bike,,
2023-09-24 03:38:00,834,46.947649789766224,7.416924289192128,Güterstrasse,Güterstrasse 18,3008,Bern,True,80,Active,5,Bern,4334.0,503199,59.0,2.0,E-Bike,,
2023-09-24 03:38:00,834,46.947649789766224,7.416924289192128,Güterstrasse,Güterstrasse 18,3008,Bern,True,80,Active,5,Bern,1264.0,501987,18.0,2.0,E-Bike,,
2023-09-24 03:38:00,364,47.3708387,8.5595335,Kinderspital,Dolderstrasse 32,8032,Zürich,True,18,Active,6,Zürich,3110.0,501139,77.0,2.0,E-Bike,,
2023-09-24 03:38:00,364,47.3708387,8.5595335,Kinderspital,Dolderstrasse 32,8032,Zürich,True,18,Active,6,Zürich,3117.0,501925,45.0,2.0,E-Bike,,
2023-09-24 03:38:00,451,47.381915,8.515252,Hardplatz,Sihlfeldstrasse 175,8004,Zürich,True,24,Active (empty),6,Zürich,,,,,,,
2023-09-24 03:38:00,815,46.96526082670581,7.481022157938033,UPD,Bolligenstrasse 111,3000,Bern,True,80,Active,5,Bern,1987.0,500333,38.0,2.0,E-Bike,,
2023-09-24 03:38:00,815,46.96526082670581,7.481022157938033,UPD,Bolligenstrasse 111,3000,Bern,True,80,Active,5,Bern,6007.0,503890,40.0,2.0,E-Bike,,
2023-09-24 03:38:00,32,46.510581,6.496026,Sablon,Rue Centrale,1110,Morges,True,16,Active,2,Lausanne-Morges,6089.0,105179,,1.0,Bike,9.0,Sponsor 09
2023-09-24 03:38:00,32,46.510581,6.496026,Sablon,Rue Centrale,1110,Morges,True,16,Active,2,Lausanne-Morges,6086.0,105018,,1.0,Bike,9.0,Sponsor 09
2023-09-24 03:38:00,32,46.510581,6.496026,Sablon,Rue Centrale,1110,Morges,True,16,Active,2,Lausanne-Morges,67.0,100361,50.0,2.0,E-Bike,9.0,Sponsor 09
2023-09-24 03:38:00,32,46.510581,6.496026,Sablon,Rue Centrale,1110,Morges,True,16,Active,2,Lausanne-Morges,216.0,104633,,1.0,Bike,9.0,Sponsor 09
2023-09-24 03:38:00,32,46.510581,6.496026,Sablon,Rue Centrale,1110,Morges,True,16,Active,2,Lausanne-Morges,18.0,100382,51.0,2.0,E-Bike,9.0,Sponsor 09
2023-09-24 03:38:00,32,46.510581,6.496026,Sablon,Rue Centrale,1110,Morges,True,16,Active,2,Lausanne-Morges,336.0,100330,51.0,2.0,E-Bike,9.0,Sponsor 09
2023-09-24 03:38:00,32,46.510581,6.496026,Sablon,Rue Centrale,1110,Morges,True,16,Active,2,Lausanne-Morges,354.0,503486,80.0,2.0,E-Bike,9.0,Sponsor 09
2023-09-24 03:38:00,32,46.510581,6.496026,Sablon,Rue Centrale,1110,Morges,True,16,Active,2,Lausanne-Morges,6055.0,104969,,1.0,Bike,9.0,Sponsor 09
2023-09-24 03:38:00,32,46.510581,6.496026,Sablon,Rue Centrale,1110,Morges,True,16,Active,2,Lausanne-Morges,5988.0,504445,47.0,2.0,E-Bike,9.0,Sponsor 09
2023-09-24 03:38:00,32,46.510581,6.496026,Sablon,Rue Centrale,1110,Morges,True,16,Active,2,Lausanne-Morges,5775.0,503770,39.0,2.0,E-Bike,9.0,Sponsor 09
2023-09-24 03:38:00,497,46.9579458,7.4537747,Breitenrainplatz,Moserstrasse 33,3013,Bern,True,26,Active,5,Bern,3718.0,103113,,1.0,Bike,,
2023-09-24 03:38:00,497,46.9579458,7.4537747,Breitenrainplatz,Moserstrasse 33,3013,Bern,True,26,Active,5,Bern,4614.0,502580,74.0,2.0,E-Bike,,
2023-09-24 03:38:00,497,46.9579458,7.4537747,Breitenrainplatz,Moserstrasse 33,3013,Bern,True,26,Active,5,Bern,3478.0,502161,88.0,2.0,E-Bike,,
2023-09-24 03:38:00,497,46.9579458,7.4537747,Breitenrainplatz,Moserstrasse 33,3013,Bern,True,26,Active,5,Bern,1656.0,501679,81.0,2.0,E-Bike,,
2023-09-24 03:38:00,758,46.547872289288286,6.671632436126663,"Epalinges, Croix-Blanche",Rte de la Croix-Blanche 25,1066,Epalinges,True,26,Active,2,Lausanne-Morges,6141.0,504256,23.0,2.0,E-Bike,42.0,Sponsor 42
2023-09-24 03:38:00,705,45.88354716154987,8.980175414992559,Mendrisio Piscine,Via S. Martino,6850,Mendrisio,True,21,Active,3,Sottoceneri (TI),124.0,100260,91.0,2.0,E-Bike,,
2023-09-24 03:38:00,705,45.88354716154987,8.980175414992559,Mendrisio Piscine,Via S. Martino,6850,Mendrisio,True,21,Active,3,Sottoceneri (TI),5512.0,104569,,1.0,Bike,,
2023-09-24 03:38:00,705,45.88354716154987,8.980175414992559,Mendrisio Piscine,Via S. Martino,6850,Mendrisio,True,21,Active,3,Sottoceneri (TI),1766.0,101723,,1.0,Bike,,
2023-09-24 03:38:00,705,45.88354716154987,8.980175414992559,Mendrisio Piscine,Via S. Martino,6850,Mendrisio,True,21,Active,3,Sottoceneri (TI),5012.0,502823,92.0,2.0,E-Bike,,
2023-09-24 03:38:00,647,46.80007,7.140663,Vignettaz - Daler,Route de Villars 22,1700,Fribourg,True,26,Active,8,Fribourg,5279.0,502437,15.0,2.0,E-Bike,26.0,Sponsor 26
2023-09-24 03:38:00,647,46.80007,7.140663,Vignettaz - Daler,Route de Villars 22,1700,Fribourg,True,26,Active,8,Fribourg,5297.0,502454,27.0,2.0,E-Bike,26.0,Sponsor 26
2023-09-24 03:38:00,561,47.413733,8.541541,Center Eleven,Therese-Giehse-Strasse 11,8050,Zürich,True,26,Active,6,Zürich,4778.0,500590,80.0,2.0,E-Bike,,
2023-09-24 03:38:00,561,47.413733,8.541541,Center Eleven,Therese-Giehse-Strasse 11,8050,Zürich,True,26,Active,6,Zürich,4370.0,503233,57.0,2.0,E-Bike,,
2023-09-24 03:38:00,92,47.3820827,8.5286468,Röntgenstrasse,Röntgenstrasse 6,8005,Zürich,True,24,Active,6,Zürich,2182.0,102404,,1.0,Bike,,
2023-09-24 03:38:00,532,47.412103,8.592144,Bahnhof Wallisellen,Signum-Platz,8304,Wallisellen,True,18,Active,6,Zürich,490.0,101288,,1.0,Bike,,
2023-09-24 03:38:00,536,47.381591,8.49038,Freilager,Rautistrasse 60,8048,Zürich,True,26,Active,6,Zürich,793.0,500209,,2.0,E-Bike,,
2023-09-24 03:38:00,536,47.381591,8.49038,Freilager,Rautistrasse 60,8048,Zürich,True,26,Active,6,Zürich,2727.0,501388,33.0,2.0,E-Bike,,
2023-09-24 03:38:00,536,47.381591,8.49038,Freilager,Rautistrasse 60,8048,Zürich,True,26,Active,6,Zürich,811.0,500186,70.0,2.0,E-Bike,,
2023-09-24 03:38:00,536,47.381591,8.49038,Freilager,Rautistrasse 60,8048,Zürich,True,26,Active,6,Zürich,722.0,503909,34.0,2.0,E-Bike,,
2023-09-24 03:38:00,536,47.381591,8.49038,Freilager,Rautistrasse 60,8048,Zürich,True,26,Active,6,Zürich,4654.0,503464,54.0,2.0,E-Bike,,
2023-09-24 03:38:00,536,47.381591,8.49038,Freilager,Rautistrasse 60,8048,Zürich,True,26,Active,6,Zürich,680.0,101448,,1.0,Bike,,
2023-09-24 03:38:00,536,47.381591,8.49038,Freilager,Rautistrasse 60,8048,Zürich,True,26,Active,6,Zürich,2859.0,501568,43.0,2.0,E-Bike,,
2023-09-24 03:38:00,536,47.381591,8.49038,Freilager,Rautistrasse 60,8048,Zürich,True,26,Active,6,Zürich,2179.0,102425,,1.0,Bike,,
2023-09-24 03:38:00,536,47.381591,8.49038,Freilager,Rautistrasse 60,8048,Zürich,True,26,Active,6,Zürich,758.0,500201,20.0,2.0,E-Bike,,
2023-09-24 03:38:00,536,47.381591,8.49038,Freilager,Rautistrasse 60,8048,Zürich,True,26,Active,6,Zürich,3422.0,502206,54.0,2.0,E-Bike,,
2023-09-24 03:38:00,536,47.381591,8.49038,Freilager,Rautistrasse 60,8048,Zürich,True,26,Active,6,Zürich,889.0,500123,61.0,2.0,E-Bike,,
2023-09-24 03:38:00,536,47.381591,8.49038,Freilager,Rautistrasse 60,8048,Zürich,True,26,Active,6,Zürich,4390.0,503259,25.0,2.0,E-Bike,,
2023-09-24 03:38:00,536,47.381591,8.49038,Freilager,Rautistrasse 60,8048,Zürich,True,26,Active,6,Zürich,546.0,101385,,1.0,Bike,,
2023-09-24 03:38:00,536,47.381591,8.49038,Freilager,Rautistrasse 60,8048,Zürich,True,26,Active,6,Zürich,2814.0,503718,11.0,2.0,E-Bike,,
2023-09-24 03:38:00,536,47.381591,8.49038,Freilager,Rautistrasse 60,8048,Zürich,True,26,Active,6,Zürich,747.0,503678,67.0,2.0,E-Bike,,
2023-09-24 03:38:00,536,47.381591,8.49038,Freilager,Rautistrasse 60,8048,Zürich,True,26,Active,6,Zürich,2183.0,101975,,1.0,Bike,,
2023-09-24 03:38:00,536,47.381591,8.49038,Freilager,Rautistrasse 60,8048,Zürich,True,26,Active,6,Zürich,3055.0,101865,,1.0,Bike,,
2023-09-24 03:38:00,536,47.381591,8.49038,Freilager,Rautistrasse 60,8048,Zürich,True,26,Active,6,Zürich,910.0,503664,40.0,2.0,E-Bike,,
2023-09-24 03:38:00,536,47.381591,8.49038,Freilager,Rautistrasse 60,8048,Zürich,True,26,Active,6,Zürich,4726.0,104026,,1.0,Bike,,
2023-09-24 03:38:00,536,47.381591,8.49038,Freilager,Rautistrasse 60,8048,Zürich,True,26,Active,6,Zürich,3937.0,103298,,1.0,Bike,,
2023-09-24 03:38:00,285,47.36691,8.548562,Bahnhof Stadelhofen,Galerie über Gleis 3,8001,Zürich,True,26,Active,6,Zürich,2680.0,504351,22.0,2.0,E-Bike,,
2023-09-24 03:38:00,285,47.36691,8.548562,Bahnhof Stadelhofen,Galerie über Gleis 3,8001,Zürich,True,26,Active,6,Zürich,893.0,503682,67.0,2.0,E-Bike,,
2023-09-24 03:38:00,285,47.36691,8.548562,Bahnhof Stadelhofen,Galerie über Gleis 3,8001,Zürich,True,26,Active,6,Zürich,798.0,500225,27.0,2.0,E-Bike,,
2023-09-24 03:38:00,285,47.36691,8.548562,Bahnhof Stadelhofen,Galerie über Gleis 3,8001,Zürich,True,26,Active,6,Zürich,4712.0,500689,11.0,2.0,E-Bike,,
2023-09-24 03:38:00,285,47.36691,8.548562,Bahnhof Stadelhofen,Galerie über Gleis 3,8001,Zürich,True,26,Active,6,Zürich,4863.0,500560,,2.0,E-Bike,,
2023-09-24 03:38:00,285,47.36691,8.548562,Bahnhof Stadelhofen,Galerie über Gleis 3,8001,Zürich,True,26,Active,6,Zürich,2694.0,501422,,2.0,E-Bike,,
2023-09-24 03:38:00,285,47.36691,8.548562,Bahnhof Stadelhofen,Galerie über Gleis 3,8001,Zürich,True,26,Active,6,Zürich,2832.0,501186,,2.0,E-Bike,,
2023-09-24 03:38:00,285,47.36691,8.548562,Bahnhof Stadelhofen,Galerie über Gleis 3,8001,Zürich,True,26,Active,6,Zürich,3920.0,103283,,1.0,Bike,,
2023-09-24 03:38:00,285,47.36691,8.548562,Bahnhof Stadelhofen,Galerie über Gleis 3,8001,Zürich,True,26,Active,6,Zürich,4701.0,500711,41.0,2.0,E-Bike,,
2023-09-24 03:38:00,285,47.36691,8.548562,Bahnhof Stadelhofen,Galerie über Gleis 3,8001,Zürich,True,26,Active,6,Zürich,4822.0,504025,72.0,2.0,E-Bike,,
2023-09-24 03:38:00,285,47.36691,8.548562,Bahnhof Stadelhofen,Galerie über Gleis 3,8001,Zürich,True,26,Active,6,Zürich,4723.0,500722,37.0,2.0,E-Bike,,
2023-09-24 03:38:00,285,47.36691,8.548562,Bahnhof Stadelhofen,Galerie über Gleis 3,8001,Zürich,True,26,Active,6,Zürich,729.0,500297,72.0,2.0,E-Bike,,
2023-09-24 03:38:00,285,47.36691,8.548562,Bahnhof Stadelhofen,Galerie über Gleis 3,8001,Zürich,True,26,Active,6,Zürich,4671.0,503134,29.0,2.0,E-Bike,,
2023-09-24 03:38:00,285,47.36691,8.548562,Bahnhof Stadelhofen,Galerie über Gleis 3,8001,Zürich,True,26,Active,6,Zürich,588.0,101201,,1.0,Bike,,
2023-09-24 03:38:00,285,47.36691,8.548562,Bahnhof Stadelhofen,Galerie über Gleis 3,8001,Zürich,True,26,Active,6,Zürich,3253.0,102867,,1.0,Bike,,
2023-09-24 03:38:00,800,46.8124563613632,7.127767764590539,Place d'Affry,Place d'Affry,1762,Givisiez,True,2,Active,8,Fribourg,1937.0,500973,,2.0,E-Bike,26.0,Sponsor 26
2023-09-24 03:38:00,800,46.8124563613632,7.127767764590539,Place d'Affry,Place d'Affry,1762,Givisiez,True,2,Active,8,Fribourg,1871.0,500941,47.0,2.0,E-Bike,26.0,Sponsor 26
2023-09-24 03:38:00,800,46.8124563613632,7.127767764590539,Place d'Affry,Place d'Affry,1762,Givisiez,True,2,Active,8,Fribourg,5738.0,504106,,2.0,E-Bike,26.0,Sponsor 26
2023-09-24 03:38:00,800,46.8124563613632,7.127767764590539,Place d'Affry,Place d'Affry,1762,Givisiez,True,2,Active,8,Fribourg,5263.0,502414,70.0,2.0,E-Bike,26.0,Sponsor 26
2023-09-24 03:38:00,800,46.8124563613632,7.127767764590539,Place d'Affry,Place d'Affry,1762,Givisiez,True,2,Active,8,Fribourg,4450.0,104257,,1.0,Bike,26.0,Sponsor 26
2023-09-24 03:38:00,800,46.8124563613632,7.127767764590539,Place d'Affry,Place d'Affry,1762,Givisiez,True,2,Active,8,Fribourg,4456.0,101906,,1.0,Bike,26.0,Sponsor 26
2023-09-24 03:38:00,800,46.8124563613632,7.127767764590539,Place d'Affry,Place d'Affry,1762,Givisiez,True,2,Active,8,Fribourg,1936.0,500981,24.0,2.0,E-Bike,26.0,Sponsor 26
2023-09-24 03:38:00,800,46.8124563613632,7.127767764590539,Place d'Affry,Place d'Affry,1762,Givisiez,True,2,Active,8,Fribourg,5004.0,502817,73.0,2.0,E-Bike,26.0,Sponsor 26
2023-09-24 03:38:00,619,46.016072,8.941042,Piscina Valgersa,Via Val Gersa,6942,Savosa,True,42,Active,3,Sottoceneri (TI),5530.0,503634,54.0,2.0,E-Bike,,
2023-09-24 03:38:00,619,46.016072,8.941042,Piscina Valgersa,Via Val Gersa,6942,Savosa,True,42,Active,3,Sottoceneri (TI),1679.0,101075,,1.0,Bike,,
2023-09-24 03:38:00,619,46.016072,8.941042,Piscina Valgersa,Via Val Gersa,6942,Savosa,True,42,Active,3,Sottoceneri (TI),5610.0,105130,,1.0,Bike,,
2023-09-24 03:38:00,619,46.016072,8.941042,Piscina Valgersa,Via Val Gersa,6942,Savosa,True,42,Active,3,Sottoceneri (TI),5109.0,104098,,1.0,Bike,,
2023-09-24 03:38:00,619,46.016072,8.941042,Piscina Valgersa,Via Val Gersa,6942,Savosa,True,42,Active,3,Sottoceneri (TI),1734.0,501634,75.0,2.0,E-Bike,,
2023-09-24 03:38:00,619,46.016072,8.941042,Piscina Valgersa,Via Val Gersa,6942,Savosa,True,42,Active,3,Sottoceneri (TI),1779.0,501304,60.0,2.0,E-Bike,,
2023-09-24 03:38:00,619,46.016072,8.941042,Piscina Valgersa,Via Val Gersa,6942,Savosa,True,42,Active,3,Sottoceneri (TI),130.0,100263,87.0,2.0,E-Bike,,
2023-09-24 03:38:00,619,46.016072,8.941042,Piscina Valgersa,Via Val Gersa,6942,Savosa,True,42,Active,3,Sottoceneri (TI),4186.0,101886,,1.0,Bike,,
2023-09-24 03:38:00,619,46.016072,8.941042,Piscina Valgersa,Via Val Gersa,6942,Savosa,True,42,Active,3,Sottoceneri (TI),5853.0,501434,42.0,2.0,E-Bike,,
2023-09-24 03:38:00,619,46.016072,8.941042,Piscina Valgersa,Via Val Gersa,6942,Savosa,True,42,Active,3,Sottoceneri (TI),5403.0,503585,73.0,2.0,E-Bike,,
2023-09-24 03:38:00,196,46.9665865,7.4639627,Wankdorf Bhf Süd,Wankdorffeldstrasse 2,3014,Bern,True,26,Active (empty),5,Bern,,,,,,,
2023-09-24 03:38:00,212,46.958717,7.4646494,Guisanplatz Expo,Mingerstrasse 4,3006,Bern,True,64,Active,5,Bern,2559.0,101866,,1.0,Bike,,
2023-09-24 03:38:00,212,46.958717,7.4646494,Guisanplatz Expo,Mingerstrasse 4,3006,Bern,True,64,Active,5,Bern,2143.0,101939,,1.0,Bike,,
2023-09-24 03:38:00,212,46.958717,7.4646494,Guisanplatz Expo,Mingerstrasse 4,3006,Bern,True,64,Active,5,Bern,1456.0,101294,,1.0,Bike,,
2023-09-24 03:38:00,212,46.958717,7.4646494,Guisanplatz Expo,Mingerstrasse 4,3006,Bern,True,64,Active,5,Bern,2982.0,104550,,1.0,Bike,,
2023-09-24 03:38:00,620,45.973369,8.927351,Centro Lugano Sud,Via Cantonale,6916,Grancia,True,80,Active,3,Sottoceneri (TI),1761.0,101729,,1.0,Bike,,
2023-09-24 03:38:00,437,46.01876,8.96429,Via Ceresio,Via Ceresio,6900,Lugano,True,80,Active,3,Sottoceneri (TI),5114.0,104069,,1.0,Bike,,
2023-09-24 03:38:00,437,46.01876,8.96429,Via Ceresio,Via Ceresio,6900,Lugano,True,80,Active,3,Sottoceneri (TI),4214.0,503870,15.0,2.0,E-Bike,,
2023-09-24 03:38:00,437,46.01876,8.96429,Via Ceresio,Via Ceresio,6900,Lugano,True,80,Active,3,Sottoceneri (TI),5625.0,105240,,1.0,Bike,,
2023-09-24 03:38:00,437,46.01876,8.96429,Via Ceresio,Via Ceresio,6900,Lugano,True,80,Active,3,Sottoceneri (TI),5485.0,503489,80.0,2.0,E-Bike,,
2023-09-24 03:38:00,437,46.01876,8.96429,Via Ceresio,Via Ceresio,6900,Lugano,True,80,Active,3,Sottoceneri (TI),5110.0,104067,,1.0,Bike,,
2023-09-24 03:38:00,437,46.01876,8.96429,Via Ceresio,Via Ceresio,6900,Lugano,True,80,Active,3,Sottoceneri (TI),5077.0,502884,59.0,2.0,E-Bike,,
2023-09-24 03:38:00,437,46.01876,8.96429,Via Ceresio,Via Ceresio,6900,Lugano,True,80,Active,3,Sottoceneri (TI),5430.0,503576,47.0,2.0,E-Bike,,
2023-09-24 03:38:00,437,46.01876,8.96429,Via Ceresio,Via Ceresio,6900,Lugano,True,80,Active,3,Sottoceneri (TI),5022.0,502850,77.0,2.0,E-Bike,,
2023-09-24 03:38:00,639,46.015758,8.971604,San Siro,Via al Campanile 1,6962,Viganello,True,80,Active,3,Sottoceneri (TI),5441.0,104584,,1.0,Bike,,
2023-09-24 03:38:00,415,46.916092,7.418571,Entsorgungshof Werkhof,Muhlernstrasse 101,3098,Köniz,True,32,Active,5,Bern,6003.0,503743,56.0,2.0,E-Bike,,
2023-09-24 03:38:00,415,46.916092,7.418571,Entsorgungshof Werkhof,Muhlernstrasse 101,3098,Köniz,True,32,Active,5,Bern,1202.0,500488,20.0,2.0,E-Bike,,
2023-09-24 03:38:00,415,46.916092,7.418571,Entsorgungshof Werkhof,Muhlernstrasse 101,3098,Köniz,True,32,Active,5,Bern,4937.0,502621,85.0,2.0,E-Bike,,
2023-09-24 03:38:00,415,46.916092,7.418571,Entsorgungshof Werkhof,Muhlernstrasse 101,3098,Köniz,True,32,Active,5,Bern,1231.0,500486,41.0,2.0,E-Bike,,
2023-09-24 03:38:00,415,46.916092,7.418571,Entsorgungshof Werkhof,Muhlernstrasse 101,3098,Köniz,True,32,Active,5,Bern,4148.0,502634,24.0,2.0,E-Bike,,
2023-09-24 03:38:00,415,46.916092,7.418571,Entsorgungshof Werkhof,Muhlernstrasse 101,3098,Köniz,True,32,Active,5,Bern,1420.0,501758,56.0,2.0,E-Bike,,
2023-09-24 03:38:00,415,46.916092,7.418571,Entsorgungshof Werkhof,Muhlernstrasse 101,3098,Köniz,True,32,Active,5,Bern,4890.0,500548,39.0,2.0,E-Bike,,
2023-09-24 03:38:00,415,46.916092,7.418571,Entsorgungshof Werkhof,Muhlernstrasse 101,3098,Köniz,True,32,Active,5,Bern,1963.0,500429,15.0,2.0,E-Bike,,
2023-09-24 03:38:00,61,47.4099615,8.5452956,Marktplatz,Querstrasse 8,8050,Zürich,True,24,Active,6,Zürich,4415.0,503266,40.0,2.0,E-Bike,,
2023-09-24 03:38:00,61,47.4099615,8.5452956,Marktplatz,Querstrasse 8,8050,Zürich,True,24,Active,6,Zürich,4662.0,503126,60.0,2.0,E-Bike,,
2023-09-24 03:38:00,61,47.4099615,8.5452956,Marktplatz,Querstrasse 8,8050,Zürich,True,24,Active,6,Zürich,3697.0,103089,,1.0,Bike,,
2023-09-24 03:38:00,61,47.4099615,8.5452956,Marktplatz,Querstrasse 8,8050,Zürich,True,24,Active,6,Zürich,759.0,500175,17.0,2.0,E-Bike,,
2023-09-24 03:38:00,61,47.4099615,8.5452956,Marktplatz,Querstrasse 8,8050,Zürich,True,24,Active,6,Zürich,825.0,503689,14.0,2.0,E-Bike,,
2023-09-24 03:38:00,61,47.4099615,8.5452956,Marktplatz,Querstrasse 8,8050,Zürich,True,24,Active,6,Zürich,2604.0,501030,13.0,2.0,E-Bike,,
2023-09-24 03:38:00,61,47.4099615,8.5452956,Marktplatz,Querstrasse 8,8050,Zürich,True,24,Active,6,Zürich,3090.0,102809,,1.0,Bike,,
2023-09-24 03:38:00,61,47.4099615,8.5452956,Marktplatz,Querstrasse 8,8050,Zürich,True,24,Active,6,Zürich,926.0,500102,65.0,2.0,E-Bike,,
2023-09-24 03:38:00,61,47.4099615,8.5452956,Marktplatz,Querstrasse 8,8050,Zürich,True,24,Active,6,Zürich,815.0,503676,28.0,2.0,E-Bike,,
2023-09-24 03:38:00,185,46.946664,7.400752,Bahnhof Stöckacker,Untermattweg 36,3027,Bern,True,10,Active,5,Bern,963.0,500318,85.0,2.0,E-Bike,,
2023-09-24 03:38:00,700,46.53125489706996,6.601886023564116,Sicpa,Route des Flumeaux 40,1008,Prilly,True,16,Active,2,Lausanne-Morges,5744.0,504217,,2.0,E-Bike,,
2023-09-24 03:38:00,35,46.510562,6.499863,Temple,Grand-Rue,1110,Morges,True,10,Active,2,Lausanne-Morges,80.0,100107,,1.0,Bike,9.0,Sponsor 09
2023-09-24 03:38:00,35,46.510562,6.499863,Temple,Grand-Rue,1110,Morges,True,10,Active,2,Lausanne-Morges,393.0,100468,76.0,2.0,E-Bike,9.0,Sponsor 09
2023-09-24 03:38:00,35,46.510562,6.499863,Temple,Grand-Rue,1110,Morges,True,10,Active,2,Lausanne-Morges,5938.0,503805,,2.0,E-Bike,9.0,Sponsor 09
2023-09-24 03:38:00,35,46.510562,6.499863,Temple,Grand-Rue,1110,Morges,True,10,Active,2,Lausanne-Morges,6139.0,504254,,2.0,E-Bike,9.0,Sponsor 09
2023-09-24 03:38:00,35,46.510562,6.499863,Temple,Grand-Rue,1110,Morges,True,10,Active,2,Lausanne-Morges,6053.0,104131,,1.0,Bike,9.0,Sponsor 09
2023-09-24 03:38:00,35,46.510562,6.499863,Temple,Grand-Rue,1110,Morges,True,10,Active,2,Lausanne-Morges,418.0,101013,,1.0,Bike,9.0,Sponsor 09
2023-09-24 03:38:00,157,47.355381,8.535119,Strandbad Mythenquai,Mythenquai 95,8002,Zürich,True,13,Active,6,Zürich,3966.0,500823,47.0,2.0,E-Bike,,
2023-09-24 03:38:00,537,47.416873,8.555639,Leutschenpark,Leutschenbachstrasse 50,8050,Zürich,True,11,Active,6,Zürich,3838.0,103215,,1.0,Bike,,
2023-09-24 03:38:00,537,47.416873,8.555639,Leutschenpark,Leutschenbachstrasse 50,8050,Zürich,True,11,Active,6,Zürich,3086.0,102810,,1.0,Bike,,
2023-09-24 03:38:00,21,46.521043,6.573253,Sorge,UNIL Sorge,1015,Ecublens,True,22,Active,2,Lausanne-Morges,2073.0,104695,,1.0,Bike,6.0,Sponsor 06
2023-09-24 03:38:00,684,45.87125166693927,8.98675487202064,Mendrisio Municipio,Via Municipio,6850,Mendrisio,True,18,Active,3,Sottoceneri (TI),5636.0,105202,,1.0,Bike,,
2023-09-24 03:38:00,738,46.41916420448668,6.288709722973113,"Gland, La Falaise",Chemin de la Falaise,1196,Gland,True,19,Active,9,Région de Nyon,1296.0,101072,,1.0,Bike,,
2023-09-24 03:38:00,738,46.41916420448668,6.288709722973113,"Gland, La Falaise",Chemin de la Falaise,1196,Gland,True,19,Active,9,Région de Nyon,5841.0,104138,,1.0,Bike,,
2023-09-24 03:38:00,162,46.38347,6.2137814,"Eysins, Terre Bonne Park",Route de Crassier 13,1262,Eysins,True,38,Active,9,Région de Nyon,1732.0,501199,,2.0,E-Bike,,
2023-09-24 03:38:00,162,46.38347,6.2137814,"Eysins, Terre Bonne Park",Route de Crassier 13,1262,Eysins,True,38,Active,9,Région de Nyon,4225.0,501505,66.0,2.0,E-Bike,,
2023-09-24 03:38:00,162,46.38347,6.2137814,"Eysins, Terre Bonne Park",Route de Crassier 13,1262,Eysins,True,38,Active,9,Région de Nyon,4222.0,101887,,1.0,Bike,,
2023-09-24 03:38:00,240,46.7899747,7.1160135,Gare de Villars-sur-Glâne,Route des Préalpes 1,1752,Villars-sur-Glâne,True,21,Active,8,Fribourg,1915.0,500966,14.0,2.0,E-Bike,26.0,Sponsor 26
2023-09-24 03:38:00,240,46.7899747,7.1160135,Gare de Villars-sur-Glâne,Route des Préalpes 1,1752,Villars-sur-Glâne,True,21,Active,8,Fribourg,4992.0,503296,40.0,2.0,E-Bike,26.0,Sponsor 26
2023-09-24 03:38:00,712,45.854808754188724,8.96080186040559,Genestrerio Nucleo,Piazza Baraini,6851,Genestrerio,True,21,Active,3,Sottoceneri (TI),5163.0,104075,,1.0,Bike,,
2023-09-24 03:38:00,712,45.854808754188724,8.96080186040559,Genestrerio Nucleo,Piazza Baraini,6851,Genestrerio,True,21,Active,3,Sottoceneri (TI),5622.0,105213,,1.0,Bike,,
2023-09-24 03:38:00,712,45.854808754188724,8.96080186040559,Genestrerio Nucleo,Piazza Baraini,6851,Genestrerio,True,21,Active,3,Sottoceneri (TI),5487.0,503624,89.0,2.0,E-Bike,,
2023-09-24 03:38:00,712,45.854808754188724,8.96080186040559,Genestrerio Nucleo,Piazza Baraini,6851,Genestrerio,True,21,Active,3,Sottoceneri (TI),5099.0,104923,,1.0,Bike,,
2023-09-24 03:38:00,871,46.851702,9.534199,Stadthaus Chur,Masanserstrasse 2,7000,Chur,True,80,Active,11,Chur,4340.0,503201,27.0,2.0,E-Bike,58.0,Sponsor 58
2023-09-24 03:38:00,871,46.851702,9.534199,Stadthaus Chur,Masanserstrasse 2,7000,Chur,True,80,Active,11,Chur,4686.0,503145,89.0,2.0,E-Bike,58.0,Sponsor 58
2023-09-24 03:38:00,871,46.851702,9.534199,Stadthaus Chur,Masanserstrasse 2,7000,Chur,True,80,Active,11,Chur,4745.0,500737,62.0,2.0,E-Bike,58.0,Sponsor 58
2023-09-24 03:38:00,871,46.851702,9.534199,Stadthaus Chur,Masanserstrasse 2,7000,Chur,True,80,Active,11,Chur,525.0,101387,,1.0,Bike,58.0,Sponsor 58
2023-09-24 03:38:00,871,46.851702,9.534199,Stadthaus Chur,Masanserstrasse 2,7000,Chur,True,80,Active,11,Chur,3061.0,102349,,1.0,Bike,58.0,Sponsor 58
2023-09-24 03:38:00,263,47.359978,8.552717,Feldeggstrasse,Seefeldstrasse 96,8008,Zürich,True,19,Active,6,Zürich,2898.0,104877,,1.0,Bike,,
2023-09-24 03:38:00,263,47.359978,8.552717,Feldeggstrasse,Seefeldstrasse 96,8008,Zürich,True,19,Active,6,Zürich,3376.0,105040,,1.0,Bike,,
2023-09-24 03:38:00,263,47.359978,8.552717,Feldeggstrasse,Seefeldstrasse 96,8008,Zürich,True,19,Active,6,Zürich,2889.0,102658,,1.0,Bike,,
2023-09-24 03:38:00,263,47.359978,8.552717,Feldeggstrasse,Seefeldstrasse 96,8008,Zürich,True,19,Active,6,Zürich,3915.0,103281,,1.0,Bike,,
2023-09-24 03:38:00,263,47.359978,8.552717,Feldeggstrasse,Seefeldstrasse 96,8008,Zürich,True,19,Active,6,Zürich,487.0,101222,,1.0,Bike,,
2023-09-24 03:38:00,263,47.359978,8.552717,Feldeggstrasse,Seefeldstrasse 96,8008,Zürich,True,19,Active,6,Zürich,449.0,101255,,1.0,Bike,,
2023-09-24 03:38:00,263,47.359978,8.552717,Feldeggstrasse,Seefeldstrasse 96,8008,Zürich,True,19,Active,6,Zürich,2472.0,102600,,1.0,Bike,,
2023-09-24 03:38:00,263,47.359978,8.552717,Feldeggstrasse,Seefeldstrasse 96,8008,Zürich,True,19,Active,6,Zürich,1572.0,101660,,1.0,Bike,,
2023-09-24 03:38:00,263,47.359978,8.552717,Feldeggstrasse,Seefeldstrasse 96,8008,Zürich,True,19,Active,6,Zürich,1507.0,101642,,1.0,Bike,,
2023-09-24 03:38:00,263,47.359978,8.552717,Feldeggstrasse,Seefeldstrasse 96,8008,Zürich,True,19,Active,6,Zürich,677.0,101188,,1.0,Bike,,
2023-09-24 03:38:00,263,47.359978,8.552717,Feldeggstrasse,Seefeldstrasse 96,8008,Zürich,True,19,Active,6,Zürich,2210.0,101789,,1.0,Bike,,
2023-09-24 03:38:00,263,47.359978,8.552717,Feldeggstrasse,Seefeldstrasse 96,8008,Zürich,True,19,Active,6,Zürich,649.0,101456,,1.0,Bike,,
2023-09-24 03:38:00,263,47.359978,8.552717,Feldeggstrasse,Seefeldstrasse 96,8008,Zürich,True,19,Active,6,Zürich,2614.0,501058,16.0,2.0,E-Bike,,
2023-09-24 03:38:00,263,47.359978,8.552717,Feldeggstrasse,Seefeldstrasse 96,8008,Zürich,True,19,Active,6,Zürich,548.0,101154,,1.0,Bike,,
2023-09-24 03:38:00,263,47.359978,8.552717,Feldeggstrasse,Seefeldstrasse 96,8008,Zürich,True,19,Active,6,Zürich,503.0,101176,,1.0,Bike,,
2023-09-24 03:38:00,263,47.359978,8.552717,Feldeggstrasse,Seefeldstrasse 96,8008,Zürich,True,19,Active,6,Zürich,2921.0,102213,,1.0,Bike,,
2023-09-24 03:38:00,263,47.359978,8.552717,Feldeggstrasse,Seefeldstrasse 96,8008,Zürich,True,19,Active,6,Zürich,518.0,101414,,1.0,Bike,,
2023-09-24 03:38:00,263,47.359978,8.552717,Feldeggstrasse,Seefeldstrasse 96,8008,Zürich,True,19,Active,6,Zürich,3770.0,103156,,1.0,Bike,,
2023-09-24 03:38:00,263,47.359978,8.552717,Feldeggstrasse,Seefeldstrasse 96,8008,Zürich,True,19,Active,6,Zürich,2929.0,102627,,1.0,Bike,,
2023-09-24 03:38:00,263,47.359978,8.552717,Feldeggstrasse,Seefeldstrasse 96,8008,Zürich,True,19,Active,6,Zürich,3382.0,102919,,1.0,Bike,,
2023-09-24 03:38:00,263,47.359978,8.552717,Feldeggstrasse,Seefeldstrasse 96,8008,Zürich,True,19,Active,6,Zürich,3059.0,104708,,1.0,Bike,,
2023-09-24 03:38:00,263,47.359978,8.552717,Feldeggstrasse,Seefeldstrasse 96,8008,Zürich,True,19,Active,6,Zürich,3940.0,104652,,1.0,Bike,,
2023-09-24 03:38:00,420,46.9356189,7.4165883,Vidmar,Könizstrasse 161,3097,Köniz,True,40,Active,5,Bern,2714.0,103404,,1.0,Bike,,
2023-09-24 03:38:00,420,46.9356189,7.4165883,Vidmar,Könizstrasse 161,3097,Köniz,True,40,Active,5,Bern,3220.0,102702,,1.0,Bike,,
2023-09-24 03:38:00,831,47.394686,8.478455,ZSC Lions,Vulkanstrasse 130,8048,Zürich,True,80,Active,6,Zürich,4763.0,500512,44.0,2.0,E-Bike,,
2023-09-24 03:38:00,831,47.394686,8.478455,ZSC Lions,Vulkanstrasse 130,8048,Zürich,True,80,Active,6,Zürich,3274.0,102854,,1.0,Bike,,
2023-09-24 03:38:00,831,47.394686,8.478455,ZSC Lions,Vulkanstrasse 130,8048,Zürich,True,80,Active,6,Zürich,851.0,500240,26.0,2.0,E-Bike,,
2023-09-24 03:38:00,831,47.394686,8.478455,ZSC Lions,Vulkanstrasse 130,8048,Zürich,True,80,Active,6,Zürich,489.0,101187,,1.0,Bike,,
2023-09-24 03:38:00,831,47.394686,8.478455,ZSC Lions,Vulkanstrasse 130,8048,Zürich,True,80,Active,6,Zürich,830.0,500227,28.0,2.0,E-Bike,,
2023-09-24 03:38:00,831,47.394686,8.478455,ZSC Lions,Vulkanstrasse 130,8048,Zürich,True,80,Active,6,Zürich,1530.0,101624,,1.0,Bike,,
2023-09-24 03:38:00,831,47.394686,8.478455,ZSC Lions,Vulkanstrasse 130,8048,Zürich,True,80,Active,6,Zürich,2827.0,501019,79.0,2.0,E-Bike,,
2023-09-24 03:38:00,831,47.394686,8.478455,ZSC Lions,Vulkanstrasse 130,8048,Zürich,True,80,Active,6,Zürich,705.0,500221,82.0,2.0,E-Bike,,
2023-09-24 03:38:00,831,47.394686,8.478455,ZSC Lions,Vulkanstrasse 130,8048,Zürich,True,80,Active,6,Zürich,3056.0,102807,,1.0,Bike,,
2023-09-24 03:38:00,831,47.394686,8.478455,ZSC Lions,Vulkanstrasse 130,8048,Zürich,True,80,Active,6,Zürich,668.0,101235,,1.0,Bike,,
2023-09-24 03:38:00,831,47.394686,8.478455,ZSC Lions,Vulkanstrasse 130,8048,Zürich,True,80,Active,6,Zürich,2812.0,501196,80.0,2.0,E-Bike,,
2023-09-24 03:38:00,831,47.394686,8.478455,ZSC Lions,Vulkanstrasse 130,8048,Zürich,True,80,Active,6,Zürich,3304.0,102903,,1.0,Bike,,
2023-09-24 03:38:00,789,46.51966972197189,6.632556563027347,Saint-François,Place Saint-François,1003,Lausanne,True,21,Active (empty),2,Lausanne-Morges,,,,,,11.0,Sponsor 11
2023-09-24 03:38:00,722,45.861628339008064,9.00898208387063,Castel S. Pietro Posta,Via Landamano G. B. Maggi 10,6874,Castel San Pietro,True,21,Active,3,Sottoceneri (TI),5029.0,502846,64.0,2.0,E-Bike,,
2023-09-24 03:38:00,722,45.861628339008064,9.00898208387063,Castel S. Pietro Posta,Via Landamano G. B. Maggi 10,6874,Castel San Pietro,True,21,Active,3,Sottoceneri (TI),5637.0,105206,,1.0,Bike,,
2023-09-24 03:38:00,722,45.861628339008064,9.00898208387063,Castel S. Pietro Posta,Via Landamano G. B. Maggi 10,6874,Castel San Pietro,True,21,Active,3,Sottoceneri (TI),5367.0,104496,,1.0,Bike,,
2023-09-24 03:38:00,479,46.9581458,7.4349895,Neufeldstrasse Ost,Neufeldstrasse 129,3012,Bern,True,21,Active,5,Bern,3784.0,103166,,1.0,Bike,,
2023-09-24 03:38:00,479,46.9581458,7.4349895,Neufeldstrasse Ost,Neufeldstrasse 129,3012,Bern,True,21,Active,5,Bern,2267.0,102046,,1.0,Bike,,
2023-09-24 03:38:00,479,46.9581458,7.4349895,Neufeldstrasse Ost,Neufeldstrasse 129,3012,Bern,True,21,Active,5,Bern,2131.0,101962,,1.0,Bike,,
2023-09-24 03:38:00,479,46.9581458,7.4349895,Neufeldstrasse Ost,Neufeldstrasse 129,3012,Bern,True,21,Active,5,Bern,2123.0,104543,,1.0,Bike,,
2023-09-24 03:38:00,479,46.9581458,7.4349895,Neufeldstrasse Ost,Neufeldstrasse 129,3012,Bern,True,21,Active,5,Bern,3722.0,104601,,1.0,Bike,,
2023-09-24 03:38:00,479,46.9581458,7.4349895,Neufeldstrasse Ost,Neufeldstrasse 129,3012,Bern,True,21,Active,5,Bern,2353.0,102515,,1.0,Bike,,
2023-09-24 03:38:00,479,46.9581458,7.4349895,Neufeldstrasse Ost,Neufeldstrasse 129,3012,Bern,True,21,Active,5,Bern,3463.0,502650,26.0,2.0,E-Bike,,
2023-09-24 03:38:00,836,46.510153,6.558052,Saint-Sulpice-centre,Chemin du Crêt,1025,Saint-Sulpice,True,18,Active,2,Lausanne-Morges,6041.0,104151,,1.0,Bike,55.0,Sponsor 55
2023-09-24 03:38:00,836,46.510153,6.558052,Saint-Sulpice-centre,Chemin du Crêt,1025,Saint-Sulpice,True,18,Active,2,Lausanne-Morges,392.0,100449,,2.0,E-Bike,55.0,Sponsor 55
2023-09-24 03:38:00,836,46.510153,6.558052,Saint-Sulpice-centre,Chemin du Crêt,1025,Saint-Sulpice,True,18,Active,2,Lausanne-Morges,93.0,104631,,1.0,Bike,55.0,Sponsor 55
2023-09-24 03:38:00,836,46.510153,6.558052,Saint-Sulpice-centre,Chemin du Crêt,1025,Saint-Sulpice,True,18,Active,2,Lausanne-Morges,3694.0,103057,,1.0,Bike,55.0,Sponsor 55
2023-09-24 03:38:00,836,46.510153,6.558052,Saint-Sulpice-centre,Chemin du Crêt,1025,Saint-Sulpice,True,18,Active,2,Lausanne-Morges,6073.0,105008,,1.0,Bike,55.0,Sponsor 55
2023-09-24 03:38:00,836,46.510153,6.558052,Saint-Sulpice-centre,Chemin du Crêt,1025,Saint-Sulpice,True,18,Active,2,Lausanne-Morges,6061.0,105049,,1.0,Bike,55.0,Sponsor 55
2023-09-24 03:38:00,836,46.510153,6.558052,Saint-Sulpice-centre,Chemin du Crêt,1025,Saint-Sulpice,True,18,Active,2,Lausanne-Morges,6045.0,105023,,1.0,Bike,55.0,Sponsor 55
2023-09-24 03:38:00,836,46.510153,6.558052,Saint-Sulpice-centre,Chemin du Crêt,1025,Saint-Sulpice,True,18,Active,2,Lausanne-Morges,6099.0,105083,,1.0,Bike,55.0,Sponsor 55
2023-09-24 03:38:00,836,46.510153,6.558052,Saint-Sulpice-centre,Chemin du Crêt,1025,Saint-Sulpice,True,18,Active,2,Lausanne-Morges,2069.0,101042,,1.0,Bike,55.0,Sponsor 55
2023-09-24 03:38:00,836,46.510153,6.558052,Saint-Sulpice-centre,Chemin du Crêt,1025,Saint-Sulpice,True,18,Active,2,Lausanne-Morges,2077.0,101137,,1.0,Bike,55.0,Sponsor 55
2023-09-24 03:38:00,836,46.510153,6.558052,Saint-Sulpice-centre,Chemin du Crêt,1025,Saint-Sulpice,True,18,Active,2,Lausanne-Morges,439.0,101026,,1.0,Bike,55.0,Sponsor 55
2023-09-24 03:38:00,836,46.510153,6.558052,Saint-Sulpice-centre,Chemin du Crêt,1025,Saint-Sulpice,True,18,Active,2,Lausanne-Morges,2083.0,101133,,1.0,Bike,55.0,Sponsor 55
2023-09-24 03:38:00,836,46.510153,6.558052,Saint-Sulpice-centre,Chemin du Crêt,1025,Saint-Sulpice,True,18,Active,2,Lausanne-Morges,402.0,101010,,1.0,Bike,55.0,Sponsor 55
2023-09-24 03:38:00,545,46.943536,7.463293,Egelsee,Ensingerstrasse 3,3006,Bern,True,32,Active,5,Bern,1966.0,501084,27.0,2.0,E-Bike,,
2023-09-24 03:38:00,545,46.943536,7.463293,Egelsee,Ensingerstrasse 3,3006,Bern,True,32,Active,5,Bern,1468.0,501772,80.0,2.0,E-Bike,,
2023-09-24 03:38:00,545,46.943536,7.463293,Egelsee,Ensingerstrasse 3,3006,Bern,True,32,Active,5,Bern,6171.0,504071,67.0,2.0,E-Bike,,
2023-09-24 03:38:00,545,46.943536,7.463293,Egelsee,Ensingerstrasse 3,3006,Bern,True,32,Active,5,Bern,1038.0,500370,94.0,2.0,E-Bike,,
2023-09-24 03:38:00,545,46.943536,7.463293,Egelsee,Ensingerstrasse 3,3006,Bern,True,32,Active,5,Bern,1180.0,500404,73.0,2.0,E-Bike,,
2023-09-24 03:38:00,545,46.943536,7.463293,Egelsee,Ensingerstrasse 3,3006,Bern,True,32,Active,5,Bern,3359.0,501267,43.0,2.0,E-Bike,,
2023-09-24 03:38:00,412,46.9266467,7.4359484,Bellevuestrasse,Bellevuestrasse 75,3095,Köniz,True,32,Active,5,Bern,3237.0,501656,84.0,2.0,E-Bike,,
2023-09-24 03:38:00,412,46.9266467,7.4359484,Bellevuestrasse,Bellevuestrasse 75,3095,Köniz,True,32,Active,5,Bern,6022.0,503834,72.0,2.0,E-Bike,,
2023-09-24 03:38:00,412,46.9266467,7.4359484,Bellevuestrasse,Bellevuestrasse 75,3095,Köniz,True,32,Active,5,Bern,4366.0,503222,69.0,2.0,E-Bike,,
2023-09-24 03:38:00,412,46.9266467,7.4359484,Bellevuestrasse,Bellevuestrasse 75,3095,Köniz,True,32,Active,5,Bern,4315.0,503175,67.0,2.0,E-Bike,,
2023-09-24 03:38:00,412,46.9266467,7.4359484,Bellevuestrasse,Bellevuestrasse 75,3095,Köniz,True,32,Active,5,Bern,2583.0,501589,10.0,2.0,E-Bike,,
2023-09-24 03:38:00,787,46.53439438272029,6.5780125706014605,Chocolaterie,Avenue de la gare 22,1022,Chavanne-près-Renens,True,13,Active (empty),2,Lausanne-Morges,,,,,,50.0,Sponsor 50
2023-09-24 03:38:00,33,46.512991,6.614122,Grand-Rive,Avenue de Rhodanie 40,1007,Lausanne,True,16,Active,2,Lausanne-Morges,419.0,500000,,2.0,E-Bike,1.0,Sponsor 01
2023-09-24 03:38:00,33,46.512991,6.614122,Grand-Rive,Avenue de Rhodanie 40,1007,Lausanne,True,16,Active,2,Lausanne-Morges,352.0,504448,19.0,2.0,E-Bike,1.0,Sponsor 01
2023-09-24 03:38:00,33,46.512991,6.614122,Grand-Rive,Avenue de Rhodanie 40,1007,Lausanne,True,16,Active,2,Lausanne-Morges,321.0,503814,23.0,2.0,E-Bike,1.0,Sponsor 01
2023-09-24 03:38:00,33,46.512991,6.614122,Grand-Rive,Avenue de Rhodanie 40,1007,Lausanne,True,16,Active,2,Lausanne-Morges,6092.0,105020,,1.0,Bike,1.0,Sponsor 01
2023-09-24 03:38:00,33,46.512991,6.614122,Grand-Rive,Avenue de Rhodanie 40,1007,Lausanne,True,16,Active,2,Lausanne-Morges,6081.0,105090,,1.0,Bike,1.0,Sponsor 01
2023-09-24 03:38:00,33,46.512991,6.614122,Grand-Rive,Avenue de Rhodanie 40,1007,Lausanne,True,16,Active,2,Lausanne-Morges,290.0,104634,,1.0,Bike,1.0,Sponsor 01
2023-09-24 03:38:00,33,46.512991,6.614122,Grand-Rive,Avenue de Rhodanie 40,1007,Lausanne,True,16,Active,2,Lausanne-Morges,5937.0,100318,39.0,2.0,E-Bike,1.0,Sponsor 01
2023-09-24 03:38:00,618,45.958424,8.917052,Barbengo,Via Soreso 6,6917,Lugano,True,80,Active,3,Sottoceneri (TI),5105.0,104144,,1.0,Bike,,
2023-09-24 03:38:00,618,45.958424,8.917052,Barbengo,Via Soreso 6,6917,Lugano,True,80,Active,3,Sottoceneri (TI),110.0,100163,82.0,2.0,E-Bike,,
2023-09-24 03:38:00,618,45.958424,8.917052,Barbengo,Via Soreso 6,6917,Lugano,True,80,Active,3,Sottoceneri (TI),5589.0,105227,,1.0,Bike,,
2023-09-24 03:38:00,618,45.958424,8.917052,Barbengo,Via Soreso 6,6917,Lugano,True,80,Active,3,Sottoceneri (TI),5008.0,502832,79.0,2.0,E-Bike,,
2023-09-24 03:38:00,860,45.998476,8.923755,Muzzano paese,Via Alla Selva,6933,Muzzano,True,29,Active,3,Sottoceneri (TI),1336.0,101079,,1.0,Bike,,
2023-09-24 03:38:00,860,45.998476,8.923755,Muzzano paese,Via Alla Selva,6933,Muzzano,True,29,Active,3,Sottoceneri (TI),5370.0,104682,,1.0,Bike,,
2023-09-24 03:38:00,860,45.998476,8.923755,Muzzano paese,Via Alla Selva,6933,Muzzano,True,29,Active,3,Sottoceneri (TI),1329.0,101096,,1.0,Bike,,
2023-09-24 03:38:00,860,45.998476,8.923755,Muzzano paese,Via Alla Selva,6933,Muzzano,True,29,Active,3,Sottoceneri (TI),1729.0,501625,84.0,2.0,E-Bike,,
2023-09-24 03:38:00,714,45.86245058491458,8.980687511646552,Mendrisio Comparto Scuole,Via Pier Francesco Mola,6850,Mendrisio,True,21,Active (empty),3,Sottoceneri (TI),,,,,,,
2023-09-24 03:38:00,360,47.3876979,8.5421457,Kirche Unterstrass,Turnerstrasse 47,8006,Zürich,True,18,Active,6,Zürich,1081.0,500103,16.0,2.0,E-Bike,,
2023-09-24 03:38:00,360,47.3876979,8.5421457,Kirche Unterstrass,Turnerstrasse 47,8006,Zürich,True,18,Active,6,Zürich,4384.0,503255,11.0,2.0,E-Bike,,
2023-09-24 03:38:00,856,46.399965,6.203576,"Grens, Allée des Moulins",Chemin du Nant,1274,Grens,True,40,Active,9,Région de Nyon,1714.0,501622,16.0,2.0,E-Bike,,
2023-09-24 03:38:00,856,46.399965,6.203576,"Grens, Allée des Moulins",Chemin du Nant,1274,Grens,True,40,Active,9,Région de Nyon,5704.0,503789,,2.0,E-Bike,,
2023-09-24 03:38:00,856,46.399965,6.203576,"Grens, Allée des Moulins",Chemin du Nant,1274,Grens,True,40,Active,9,Région de Nyon,5713.0,501292,39.0,2.0,E-Bike,,
2023-09-24 03:38:00,331,46.9458073,7.4270475,Brunnmattschulhaus,Brunnmattstrasse 16,3007,Bern,True,10,Active,5,Bern,4526.0,104264,,1.0,Bike,,
2023-09-24 03:38:00,331,46.9458073,7.4270475,Brunnmattschulhaus,Brunnmattstrasse 16,3007,Bern,True,10,Active,5,Bern,3195.0,102771,,1.0,Bike,,
2023-09-24 03:38:00,331,46.9458073,7.4270475,Brunnmattschulhaus,Brunnmattstrasse 16,3007,Bern,True,10,Active,5,Bern,2975.0,102107,,1.0,Bike,,
2023-09-24 03:38:00,331,46.9458073,7.4270475,Brunnmattschulhaus,Brunnmattstrasse 16,3007,Bern,True,10,Active,5,Bern,4580.0,103399,,1.0,Bike,,
2023-09-24 03:38:00,331,46.9458073,7.4270475,Brunnmattschulhaus,Brunnmattstrasse 16,3007,Bern,True,10,Active,5,Bern,1077.0,101479,,1.0,Bike,,
2023-09-24 03:38:00,331,46.9458073,7.4270475,Brunnmattschulhaus,Brunnmattstrasse 16,3007,Bern,True,10,Active,5,Bern,970.0,101520,,1.0,Bike,,
2023-09-24 03:38:00,331,46.9458073,7.4270475,Brunnmattschulhaus,Brunnmattstrasse 16,3007,Bern,True,10,Active,5,Bern,3590.0,104165,,1.0,Bike,,
2023-09-24 03:38:00,331,46.9458073,7.4270475,Brunnmattschulhaus,Brunnmattstrasse 16,3007,Bern,True,10,Active,5,Bern,999.0,101504,,1.0,Bike,,
2023-09-24 03:38:00,331,46.9458073,7.4270475,Brunnmattschulhaus,Brunnmattstrasse 16,3007,Bern,True,10,Active,5,Bern,4529.0,104273,,1.0,Bike,,
2023-09-24 03:38:00,331,46.9458073,7.4270475,Brunnmattschulhaus,Brunnmattstrasse 16,3007,Bern,True,10,Active,5,Bern,1051.0,102352,,1.0,Bike,,
2023-09-24 03:38:00,331,46.9458073,7.4270475,Brunnmattschulhaus,Brunnmattstrasse 16,3007,Bern,True,10,Active,5,Bern,4560.0,104086,,1.0,Bike,,
2023-09-24 03:38:00,875,46.86357,9.53866,Kantonsspital,Loestrasse 170,7000,Chur,True,80,Active,11,Chur,4348.0,502637,41.0,2.0,E-Bike,63.0,Sponsor 63
2023-09-24 03:38:00,875,46.86357,9.53866,Kantonsspital,Loestrasse 170,7000,Chur,True,80,Active,11,Chur,3566.0,501449,36.0,2.0,E-Bike,63.0,Sponsor 63
2023-09-24 03:38:00,875,46.86357,9.53866,Kantonsspital,Loestrasse 170,7000,Chur,True,80,Active,11,Chur,3521.0,503680,27.0,2.0,E-Bike,63.0,Sponsor 63
2023-09-24 03:38:00,875,46.86357,9.53866,Kantonsspital,Loestrasse 170,7000,Chur,True,80,Active,11,Chur,3870.0,103234,,1.0,Bike,63.0,Sponsor 63
2023-09-24 03:38:00,875,46.86357,9.53866,Kantonsspital,Loestrasse 170,7000,Chur,True,80,Active,11,Chur,4743.0,104022,,1.0,Bike,63.0,Sponsor 63
2023-09-24 03:38:00,875,46.86357,9.53866,Kantonsspital,Loestrasse 170,7000,Chur,True,80,Active,11,Chur,4658.0,503108,29.0,2.0,E-Bike,63.0,Sponsor 63
2023-09-24 03:38:00,18,46.5367962297447,6.57834071739537,Gare de Renens,Place de la gare,1020,Renens,True,22,Active (empty),2,Lausanne-Morges,,,,,,14.0,Sponsor 14
2023-09-24 03:38:00,352,46.9403,7.458608,Thunplatz,Thunplatz 52,3005,Bern,True,10,Active (empty),5,Bern,,,,,,46.0,Sponsor 46
2023-09-24 03:38:00,645,46.77173,7.162033,Marly Gérine,Route de la Gruyère,1723,Marly,True,26,Active,8,Fribourg,5296.0,502453,44.0,2.0,E-Bike,26.0,Sponsor 26
2023-09-24 03:38:00,645,46.77173,7.162033,Marly Gérine,Route de la Gruyère,1723,Marly,True,26,Active,8,Fribourg,5299.0,502438,55.0,2.0,E-Bike,26.0,Sponsor 26
2023-09-24 03:38:00,645,46.77173,7.162033,Marly Gérine,Route de la Gruyère,1723,Marly,True,26,Active,8,Fribourg,5690.0,504189,22.0,2.0,E-Bike,26.0,Sponsor 26
2023-09-24 03:38:00,645,46.77173,7.162033,Marly Gérine,Route de la Gruyère,1723,Marly,True,26,Active,8,Fribourg,4447.0,101895,,1.0,Bike,26.0,Sponsor 26
2023-09-24 03:38:00,645,46.77173,7.162033,Marly Gérine,Route de la Gruyère,1723,Marly,True,26,Active,8,Fribourg,4996.0,503298,89.0,2.0,E-Bike,26.0,Sponsor 26
2023-09-24 03:38:00,645,46.77173,7.162033,Marly Gérine,Route de la Gruyère,1723,Marly,True,26,Active,8,Fribourg,5802.0,102725,,1.0,Bike,26.0,Sponsor 26
2023-09-24 03:38:00,645,46.77173,7.162033,Marly Gérine,Route de la Gruyère,1723,Marly,True,26,Active,8,Fribourg,2337.0,102518,,1.0,Bike,26.0,Sponsor 26
2023-09-24 03:38:00,645,46.77173,7.162033,Marly Gérine,Route de la Gruyère,1723,Marly,True,26,Active,8,Fribourg,5691.0,504200,,2.0,E-Bike,26.0,Sponsor 26
2023-09-24 03:38:00,645,46.77173,7.162033,Marly Gérine,Route de la Gruyère,1723,Marly,True,26,Active,8,Fribourg,4476.0,503016,,2.0,E-Bike,26.0,Sponsor 26
2023-09-24 03:38:00,645,46.77173,7.162033,Marly Gérine,Route de la Gruyère,1723,Marly,True,26,Active,8,Fribourg,1885.0,500927,92.0,2.0,E-Bike,26.0,Sponsor 26
2023-09-24 03:38:00,645,46.77173,7.162033,Marly Gérine,Route de la Gruyère,1723,Marly,True,26,Active,8,Fribourg,4464.0,101915,,1.0,Bike,26.0,Sponsor 26
2023-09-24 03:38:00,390,47.412873,8.533265,Louis-Häfliger-Park,Regina-Kägi-Strasse 1,8050,Zürich,True,11,Active,6,Zürich,713.0,503681,21.0,2.0,E-Bike,,
2023-09-24 03:38:00,390,47.412873,8.533265,Louis-Häfliger-Park,Regina-Kägi-Strasse 1,8050,Zürich,True,11,Active,6,Zürich,2209.0,101786,,1.0,Bike,,
2023-09-24 03:38:00,390,47.412873,8.533265,Louis-Häfliger-Park,Regina-Kägi-Strasse 1,8050,Zürich,True,11,Active,6,Zürich,2658.0,501410,34.0,2.0,E-Bike,,
2023-09-24 03:38:00,390,47.412873,8.533265,Louis-Häfliger-Park,Regina-Kägi-Strasse 1,8050,Zürich,True,11,Active,6,Zürich,3660.0,103035,,1.0,Bike,,
2023-09-24 03:38:00,390,47.412873,8.533265,Louis-Häfliger-Park,Regina-Kägi-Strasse 1,8050,Zürich,True,11,Active,6,Zürich,2410.0,104744,,1.0,Bike,,
2023-09-24 03:38:00,390,47.412873,8.533265,Louis-Häfliger-Park,Regina-Kägi-Strasse 1,8050,Zürich,True,11,Active,6,Zürich,3255.0,102881,,1.0,Bike,,
2023-09-24 03:38:00,390,47.412873,8.533265,Louis-Häfliger-Park,Regina-Kägi-Strasse 1,8050,Zürich,True,11,Active,6,Zürich,2811.0,501582,47.0,2.0,E-Bike,,
2023-09-24 03:38:00,390,47.412873,8.533265,Louis-Häfliger-Park,Regina-Kägi-Strasse 1,8050,Zürich,True,11,Active,6,Zürich,3043.0,102347,,1.0,Bike,,
2023-09-24 03:38:00,879,46.84898,9.5145,Sinergia,Ringstrasse 10,7000,Chur,True,80,Active,11,Chur,3502.0,504352,27.0,2.0,E-Bike,59.0,Sponsor 59
2023-09-24 03:38:00,879,46.84898,9.5145,Sinergia,Ringstrasse 10,7000,Chur,True,80,Active,11,Chur,1662.0,104545,,1.0,Bike,59.0,Sponsor 59
2023-09-24 03:38:00,879,46.84898,9.5145,Sinergia,Ringstrasse 10,7000,Chur,True,80,Active,11,Chur,1055.0,102359,,1.0,Bike,59.0,Sponsor 59
2023-09-24 03:38:00,879,46.84898,9.5145,Sinergia,Ringstrasse 10,7000,Chur,True,80,Active,11,Chur,1124.0,500431,43.0,2.0,E-Bike,59.0,Sponsor 59
2023-09-24 03:38:00,776,46.81936091435492,7.102468450680388,"Belfaux, Champ Bonjart",Champ Bonjart 1,1782,Belfaux,True,27,Active,8,Fribourg,5247.0,502428,24.0,2.0,E-Bike,26.0,Sponsor 26
2023-09-24 03:38:00,776,46.81936091435492,7.102468450680388,"Belfaux, Champ Bonjart",Champ Bonjart 1,1782,Belfaux,True,27,Active,8,Fribourg,4487.0,503010,22.0,2.0,E-Bike,26.0,Sponsor 26
2023-09-24 03:38:00,776,46.81936091435492,7.102468450680388,"Belfaux, Champ Bonjart",Champ Bonjart 1,1782,Belfaux,True,27,Active,8,Fribourg,1932.0,500972,45.0,2.0,E-Bike,26.0,Sponsor 26
2023-09-24 03:38:00,776,46.81936091435492,7.102468450680388,"Belfaux, Champ Bonjart",Champ Bonjart 1,1782,Belfaux,True,27,Active,8,Fribourg,1876.0,500916,65.0,2.0,E-Bike,26.0,Sponsor 26
2023-09-24 03:38:00,776,46.81936091435492,7.102468450680388,"Belfaux, Champ Bonjart",Champ Bonjart 1,1782,Belfaux,True,27,Active,8,Fribourg,4472.0,503019,,2.0,E-Bike,26.0,Sponsor 26
2023-09-24 03:38:00,163,46.3995398,6.2321083,"Nyon, Changins",Domaine de Changins,1260,Duillier,True,37,Active (empty),9,Région de Nyon,,,,,,,
2023-09-24 03:38:00,486,46.9503044,7.4145806,Sanpol Bern,Murtenstrasse 111,3008,Bern,True,19,Active,5,Bern,1990.0,501992,89.0,2.0,E-Bike,,
2023-09-24 03:38:00,486,46.9503044,7.4145806,Sanpol Bern,Murtenstrasse 111,3008,Bern,True,19,Active,5,Bern,1048.0,101491,,1.0,Bike,,
2023-09-24 03:38:00,486,46.9503044,7.4145806,Sanpol Bern,Murtenstrasse 111,3008,Bern,True,19,Active,5,Bern,3619.0,102967,,1.0,Bike,,
2023-09-24 03:38:00,486,46.9503044,7.4145806,Sanpol Bern,Murtenstrasse 111,3008,Bern,True,19,Active,5,Bern,3875.0,103269,,1.0,Bike,,
2023-09-24 03:38:00,486,46.9503044,7.4145806,Sanpol Bern,Murtenstrasse 111,3008,Bern,True,19,Active,5,Bern,1383.0,501895,74.0,2.0,E-Bike,,
2023-09-24 03:38:00,227,46.9545136,7.4294963,Unitobler Ost,Muesmattstrasse 45,3012,Bern,True,13,Active,5,Bern,4079.0,500891,39.0,2.0,E-Bike,,
2023-09-24 03:38:00,227,46.9545136,7.4294963,Unitobler Ost,Muesmattstrasse 45,3012,Bern,True,13,Active,5,Bern,1976.0,500441,79.0,2.0,E-Bike,,
2023-09-24 03:38:00,227,46.9545136,7.4294963,Unitobler Ost,Muesmattstrasse 45,3012,Bern,True,13,Active,5,Bern,948.0,500317,63.0,2.0,E-Bike,,
2023-09-24 03:38:00,227,46.9545136,7.4294963,Unitobler Ost,Muesmattstrasse 45,3012,Bern,True,13,Active,5,Bern,984.0,500346,94.0,2.0,E-Bike,,
2023-09-24 03:38:00,431,47.362209,8.510788,Binz Center,Grubenstrasse 52,8045,Zürich,True,40,Active,6,Zürich,3517.0,102856,,1.0,Bike,,
2023-09-24 03:38:00,866,47.407433,8.639147,Skyguide,Flugsicherungsstrasse 2,8602,Wangen,True,80,Active,6,Zürich,3405.0,503454,25.0,2.0,E-Bike,,
2023-09-24 03:38:00,866,47.407433,8.639147,Skyguide,Flugsicherungsstrasse 2,8602,Wangen,True,80,Active,6,Zürich,2203.0,102409,,1.0,Bike,,
2023-09-24 03:38:00,866,47.407433,8.639147,Skyguide,Flugsicherungsstrasse 2,8602,Wangen,True,80,Active,6,Zürich,552.0,101415,,1.0,Bike,,
2023-09-24 03:38:00,866,47.407433,8.639147,Skyguide,Flugsicherungsstrasse 2,8602,Wangen,True,80,Active,6,Zürich,498.0,101162,,1.0,Bike,,
2023-09-24 03:38:00,866,47.407433,8.639147,Skyguide,Flugsicherungsstrasse 2,8602,Wangen,True,80,Active,6,Zürich,3406.0,503688,29.0,2.0,E-Bike,,
2023-09-24 03:38:00,178,46.9372059,7.3872274,Kleefeld,Mädergutstrasse 5,3018,Bern,True,10,Active,5,Bern,2572.0,501174,23.0,2.0,E-Bike,,
2023-09-24 03:38:00,178,46.9372059,7.3872274,Kleefeld,Mädergutstrasse 5,3018,Bern,True,10,Active,5,Bern,4928.0,502995,99.0,2.0,E-Bike,,
2023-09-24 03:38:00,178,46.9372059,7.3872274,Kleefeld,Mädergutstrasse 5,3018,Bern,True,10,Active,5,Bern,4309.0,503187,99.0,2.0,E-Bike,,
2023-09-24 03:38:00,178,46.9372059,7.3872274,Kleefeld,Mädergutstrasse 5,3018,Bern,True,10,Active,5,Bern,3443.0,502143,81.0,2.0,E-Bike,,
2023-09-24 03:38:00,178,46.9372059,7.3872274,Kleefeld,Mädergutstrasse 5,3018,Bern,True,10,Active,5,Bern,1668.0,500085,48.0,2.0,E-Bike,,
2023-09-24 03:38:00,178,46.9372059,7.3872274,Kleefeld,Mädergutstrasse 5,3018,Bern,True,10,Active,5,Bern,1639.0,501718,91.0,2.0,E-Bike,,
2023-09-24 03:38:00,178,46.9372059,7.3872274,Kleefeld,Mädergutstrasse 5,3018,Bern,True,10,Active,5,Bern,4343.0,503192,99.0,2.0,E-Bike,,
2023-09-24 03:38:00,178,46.9372059,7.3872274,Kleefeld,Mädergutstrasse 5,3018,Bern,True,10,Active,5,Bern,961.0,500322,64.0,2.0,E-Bike,,
2023-09-24 03:38:00,526,47.395368,8.603989,Sonnental,Zürichstrasse 94,8600,Dübendorf,True,11,Active,6,Zürich,3425.0,502248,,2.0,E-Bike,,
2023-09-24 03:38:00,526,47.395368,8.603989,Sonnental,Zürichstrasse 94,8600,Dübendorf,True,11,Active,6,Zürich,783.0,501249,53.0,2.0,E-Bike,,
2023-09-24 03:38:00,526,47.395368,8.603989,Sonnental,Zürichstrasse 94,8600,Dübendorf,True,11,Active,6,Zürich,2642.0,501054,89.0,2.0,E-Bike,,
2023-09-24 03:38:00,526,47.395368,8.603989,Sonnental,Zürichstrasse 94,8600,Dübendorf,True,11,Active,6,Zürich,524.0,101286,,1.0,Bike,,
2023-09-24 03:38:00,526,47.395368,8.603989,Sonnental,Zürichstrasse 94,8600,Dübendorf,True,11,Active,6,Zürich,1590.0,501792,63.0,2.0,E-Bike,,
2023-09-24 03:38:00,526,47.395368,8.603989,Sonnental,Zürichstrasse 94,8600,Dübendorf,True,11,Active,6,Zürich,1529.0,101629,,1.0,Bike,,
2023-09-24 03:38:00,526,47.395368,8.603989,Sonnental,Zürichstrasse 94,8600,Dübendorf,True,11,Active,6,Zürich,2673.0,501057,92.0,2.0,E-Bike,,
2023-09-24 03:38:00,526,47.395368,8.603989,Sonnental,Zürichstrasse 94,8600,Dübendorf,True,11,Active,6,Zürich,721.0,500279,39.0,2.0,E-Bike,,
2023-09-24 03:38:00,526,47.395368,8.603989,Sonnental,Zürichstrasse 94,8600,Dübendorf,True,11,Active,6,Zürich,3921.0,103296,,1.0,Bike,,
2023-09-24 03:38:00,526,47.395368,8.603989,Sonnental,Zürichstrasse 94,8600,Dübendorf,True,11,Active,6,Zürich,3506.0,501285,93.0,2.0,E-Bike,,
2023-09-24 03:38:00,526,47.395368,8.603989,Sonnental,Zürichstrasse 94,8600,Dübendorf,True,11,Active,6,Zürich,3946.0,500808,61.0,2.0,E-Bike,,
2023-09-24 03:38:00,526,47.395368,8.603989,Sonnental,Zürichstrasse 94,8600,Dübendorf,True,11,Active,6,Zürich,4699.0,500708,35.0,2.0,E-Bike,,
2023-09-24 03:38:00,526,47.395368,8.603989,Sonnental,Zürichstrasse 94,8600,Dübendorf,True,11,Active,6,Zürich,3924.0,103292,,1.0,Bike,,
2023-09-24 03:38:00,526,47.395368,8.603989,Sonnental,Zürichstrasse 94,8600,Dübendorf,True,11,Active,6,Zürich,2888.0,102655,,1.0,Bike,,
2023-09-24 03:38:00,526,47.395368,8.603989,Sonnental,Zürichstrasse 94,8600,Dübendorf,True,11,Active,6,Zürich,1537.0,501661,63.0,2.0,E-Bike,,
2023-09-24 03:38:00,526,47.395368,8.603989,Sonnental,Zürichstrasse 94,8600,Dübendorf,True,11,Active,6,Zürich,2386.0,102532,,1.0,Bike,,
2023-09-24 03:38:00,883,46.96079848478852,7.433964120753491,Schwimmhalle Neufeld,Neubrückstrasse 133,3012,Bern,True,80,Active,5,Bern,4084.0,500887,60.0,2.0,E-Bike,,
2023-09-24 03:38:00,476,46.9459831,7.4394178,Kleine Schanze,Schwanengasse 14,3011,Bern,True,59,Active (empty),5,Bern,,,,,,,
2023-09-24 03:38:00,89,47.3713591,8.5313344,Stauffacherbrücke,Selnaustrasse 32,8001,Zürich,True,26,Active,6,Zürich,2405.0,102024,,1.0,Bike,,
2023-09-24 03:38:00,258,46.9475995,7.4473498,Theaterplatz,Theaterplatz 4,3011,Bern,True,10,Active,5,Bern,1223.0,102064,,1.0,Bike,,
2023-09-24 03:38:00,694,45.849794,8.944964,Stabio Stazione FFS,Via Cantonale 11,6855,Stabio,True,16,Active,3,Sottoceneri (TI),1738.0,101727,,1.0,Bike,,
2023-09-24 03:38:00,694,45.849794,8.944964,Stabio Stazione FFS,Via Cantonale 11,6855,Stabio,True,16,Active,3,Sottoceneri (TI),5471.0,104453,,1.0,Bike,,
2023-09-24 03:38:00,694,45.849794,8.944964,Stabio Stazione FFS,Via Cantonale 11,6855,Stabio,True,16,Active,3,Sottoceneri (TI),5515.0,104564,,1.0,Bike,,
2023-09-24 03:38:00,694,45.849794,8.944964,Stabio Stazione FFS,Via Cantonale 11,6855,Stabio,True,16,Active,3,Sottoceneri (TI),1754.0,101751,,1.0,Bike,,
2023-09-24 03:38:00,694,45.849794,8.944964,Stabio Stazione FFS,Via Cantonale 11,6855,Stabio,True,16,Active,3,Sottoceneri (TI),5343.0,104681,,1.0,Bike,,
2023-09-24 03:38:00,694,45.849794,8.944964,Stabio Stazione FFS,Via Cantonale 11,6855,Stabio,True,16,Active,3,Sottoceneri (TI),5547.0,105159,,1.0,Bike,,
2023-09-24 03:38:00,824,46.95626329415468,7.482893566913186,Ostermundigen Bahnhof,Poststrasse 1,3072,Ostermundigen,True,80,Active,5,Bern,5795.0,504105,28.0,2.0,E-Bike,,
2023-09-24 03:38:00,791,46.52689212107495,6.651725094510788,Chailly,Av. de Chailly 1,1012,Lausanne,True,18,Active (empty),2,Lausanne-Morges,,,,,,11.0,Sponsor 11
2023-09-24 03:38:00,460,46.9662414,7.4558243,Stauffacherstrasse,Stauffacherstrasse 65,3014,Bern,True,19,Active,5,Bern,3594.0,102993,,1.0,Bike,,
2023-09-24 03:38:00,460,46.9662414,7.4558243,Stauffacherstrasse,Stauffacherstrasse 65,3014,Bern,True,19,Active,5,Bern,3349.0,501268,84.0,2.0,E-Bike,,
2023-09-24 03:38:00,460,46.9662414,7.4558243,Stauffacherstrasse,Stauffacherstrasse 65,3014,Bern,True,19,Active,5,Bern,4546.0,102254,,1.0,Bike,,
2023-09-24 03:38:00,713,45.87264624215591,8.953349054900483,Besazio Nucleo,Via Besazio,6863,Beazio,True,16,Active,3,Sottoceneri (TI),4073.0,102950,,1.0,Bike,,
2023-09-24 03:38:00,713,45.87264624215591,8.953349054900483,Besazio Nucleo,Via Besazio,6863,Beazio,True,16,Active,3,Sottoceneri (TI),5484.0,503610,72.0,2.0,E-Bike,,
2023-09-24 03:38:00,713,45.87264624215591,8.953349054900483,Besazio Nucleo,Via Besazio,6863,Beazio,True,16,Active,3,Sottoceneri (TI),112.0,100167,78.0,2.0,E-Bike,,
2023-09-24 03:38:00,713,45.87264624215591,8.953349054900483,Besazio Nucleo,Via Besazio,6863,Beazio,True,16,Active,3,Sottoceneri (TI),182.0,100201,,1.0,Bike,,
2023-09-24 03:38:00,877,46.97422346344607,7.476819763848439,Papiermühle Bahnhof,Papiermühlestrasse 172,3063,Ittigen,True,26,Active,5,Bern,4595.0,503082,28.0,2.0,E-Bike,,
2023-09-24 03:38:00,877,46.97422346344607,7.476819763848439,Papiermühle Bahnhof,Papiermühlestrasse 172,3063,Ittigen,True,26,Active,5,Bern,2506.0,502647,55.0,2.0,E-Bike,,
2023-09-24 03:38:00,877,46.97422346344607,7.476819763848439,Papiermühle Bahnhof,Papiermühlestrasse 172,3063,Ittigen,True,26,Active,5,Bern,4098.0,502614,93.0,2.0,E-Bike,,
2023-09-24 03:38:00,877,46.97422346344607,7.476819763848439,Papiermühle Bahnhof,Papiermühlestrasse 172,3063,Ittigen,True,26,Active,5,Bern,1220.0,102382,,1.0,Bike,,
2023-09-24 03:38:00,877,46.97422346344607,7.476819763848439,Papiermühle Bahnhof,Papiermühlestrasse 172,3063,Ittigen,True,26,Active,5,Bern,2282.0,102441,,1.0,Bike,,
2023-09-24 03:38:00,877,46.97422346344607,7.476819763848439,Papiermühle Bahnhof,Papiermühlestrasse 172,3063,Ittigen,True,26,Active,5,Bern,1091.0,102141,,1.0,Bike,,
2023-09-24 03:38:00,877,46.97422346344607,7.476819763848439,Papiermühle Bahnhof,Papiermühlestrasse 172,3063,Ittigen,True,26,Active,5,Bern,6029.0,503831,93.0,2.0,E-Bike,,
2023-09-24 03:38:00,877,46.97422346344607,7.476819763848439,Papiermühle Bahnhof,Papiermühlestrasse 172,3063,Ittigen,True,26,Active,5,Bern,3803.0,103192,,1.0,Bike,,
2023-09-24 03:38:00,877,46.97422346344607,7.476819763848439,Papiermühle Bahnhof,Papiermühlestrasse 172,3063,Ittigen,True,26,Active,5,Bern,1375.0,501874,75.0,2.0,E-Bike,,
2023-09-24 03:38:00,877,46.97422346344607,7.476819763848439,Papiermühle Bahnhof,Papiermühlestrasse 172,3063,Ittigen,True,26,Active,5,Bern,3595.0,103008,,1.0,Bike,,
2023-09-24 03:38:00,877,46.97422346344607,7.476819763848439,Papiermühle Bahnhof,Papiermühlestrasse 172,3063,Ittigen,True,26,Active,5,Bern,4152.0,500640,85.0,2.0,E-Bike,,
2023-09-24 03:38:00,877,46.97422346344607,7.476819763848439,Papiermühle Bahnhof,Papiermühlestrasse 172,3063,Ittigen,True,26,Active,5,Bern,3000.0,102180,,1.0,Bike,,
2023-09-24 03:38:00,877,46.97422346344607,7.476819763848439,Papiermühle Bahnhof,Papiermühlestrasse 172,3063,Ittigen,True,26,Active,5,Bern,3892.0,500764,62.0,2.0,E-Bike,,
2023-09-24 03:38:00,747,45.92241761420432,8.98598929175441,Piazzale Filanda,Via Capeleta,6818,Melano,True,18,Active,3,Sottoceneri (TI),4062.0,102955,,1.0,Bike,,
2023-09-24 03:38:00,747,45.92241761420432,8.98598929175441,Piazzale Filanda,Via Capeleta,6818,Melano,True,18,Active,3,Sottoceneri (TI),5168.0,104030,,1.0,Bike,,
2023-09-24 03:38:00,747,45.92241761420432,8.98598929175441,Piazzale Filanda,Via Capeleta,6818,Melano,True,18,Active,3,Sottoceneri (TI),5639.0,105220,,1.0,Bike,,
2023-09-24 03:38:00,747,45.92241761420432,8.98598929175441,Piazzale Filanda,Via Capeleta,6818,Melano,True,18,Active,3,Sottoceneri (TI),5065.0,502894,94.0,2.0,E-Bike,,
2023-09-24 03:38:00,747,45.92241761420432,8.98598929175441,Piazzale Filanda,Via Capeleta,6818,Melano,True,18,Active,3,Sottoceneri (TI),4115.0,501520,57.0,2.0,E-Bike,,
2023-09-24 03:38:00,747,45.92241761420432,8.98598929175441,Piazzale Filanda,Via Capeleta,6818,Melano,True,18,Active,3,Sottoceneri (TI),5528.0,503646,89.0,2.0,E-Bike,,
2023-09-24 03:38:00,161,46.38278,6.24357,"Nyon, Débarcadère",Rue de Rive 24-28,1260,Nyon,True,42,Active (empty),9,Région de Nyon,,,,,,,
2023-09-24 03:38:00,382,45.972202,8.915525,Bigogno - Campo sportivo,Via Collina d'Oro,6926,Colina d'Oro,True,80,Active,3,Sottoceneri (TI),5415.0,503589,94.0,2.0,E-Bike,,
2023-09-24 03:38:00,382,45.972202,8.915525,Bigogno - Campo sportivo,Via Collina d'Oro,6926,Colina d'Oro,True,80,Active,3,Sottoceneri (TI),5594.0,104784,,1.0,Bike,,
2023-09-24 03:38:00,382,45.972202,8.915525,Bigogno - Campo sportivo,Via Collina d'Oro,6926,Colina d'Oro,True,80,Active,3,Sottoceneri (TI),5607.0,503855,94.0,2.0,E-Bike,,
2023-09-24 03:38:00,10,46.526079,6.579268,Mouline,Rue de la Mouline,1022,Chavannes-près-Renens,True,22,Active,2,Lausanne-Morges,6075.0,105001,,1.0,Bike,6.0,Sponsor 06
2023-09-24 03:38:00,10,46.526079,6.579268,Mouline,Rue de la Mouline,1022,Chavannes-près-Renens,True,22,Active,2,Lausanne-Morges,2913.0,102219,,1.0,Bike,6.0,Sponsor 06
2023-09-24 03:38:00,444,47.375247,8.496511,Sackzelg,Letzigraben 139,8047,Zürich,True,19,Active,6,Zürich,584.0,101267,,1.0,Bike,,
2023-09-24 03:38:00,444,47.375247,8.496511,Sackzelg,Letzigraben 139,8047,Zürich,True,19,Active,6,Zürich,4876.0,500534,60.0,2.0,E-Bike,,
2023-09-24 03:38:00,444,47.375247,8.496511,Sackzelg,Letzigraben 139,8047,Zürich,True,19,Active,6,Zürich,641.0,101390,,1.0,Bike,,
2023-09-24 03:38:00,444,47.375247,8.496511,Sackzelg,Letzigraben 139,8047,Zürich,True,19,Active,6,Zürich,2644.0,503541,27.0,2.0,E-Bike,,
2023-09-24 03:38:00,444,47.375247,8.496511,Sackzelg,Letzigraben 139,8047,Zürich,True,19,Active,6,Zürich,3536.0,102924,,1.0,Bike,,
2023-09-24 03:38:00,444,47.375247,8.496511,Sackzelg,Letzigraben 139,8047,Zürich,True,19,Active,6,Zürich,703.0,503915,50.0,2.0,E-Bike,,
2023-09-24 03:38:00,444,47.375247,8.496511,Sackzelg,Letzigraben 139,8047,Zürich,True,19,Active,6,Zürich,2200.0,101976,,1.0,Bike,,
2023-09-24 03:38:00,444,47.375247,8.496511,Sackzelg,Letzigraben 139,8047,Zürich,True,19,Active,6,Zürich,2195.0,101781,,1.0,Bike,,
2023-09-24 03:38:00,444,47.375247,8.496511,Sackzelg,Letzigraben 139,8047,Zürich,True,19,Active,6,Zürich,501.0,101318,,1.0,Bike,,
2023-09-24 03:38:00,444,47.375247,8.496511,Sackzelg,Letzigraben 139,8047,Zürich,True,19,Active,6,Zürich,3079.0,102827,,1.0,Bike,,
2023-09-24 03:38:00,444,47.375247,8.496511,Sackzelg,Letzigraben 139,8047,Zürich,True,19,Active,6,Zürich,2483.0,102601,,1.0,Bike,,
2023-09-24 03:38:00,444,47.375247,8.496511,Sackzelg,Letzigraben 139,8047,Zürich,True,19,Active,6,Zürich,3259.0,102865,,1.0,Bike,,
2023-09-24 03:38:00,444,47.375247,8.496511,Sackzelg,Letzigraben 139,8047,Zürich,True,19,Active,6,Zürich,625.0,101439,,1.0,Bike,,
2023-09-24 03:38:00,444,47.375247,8.496511,Sackzelg,Letzigraben 139,8047,Zürich,True,19,Active,6,Zürich,4859.0,500533,34.0,2.0,E-Bike,,
2023-09-24 03:38:00,444,47.375247,8.496511,Sackzelg,Letzigraben 139,8047,Zürich,True,19,Active,6,Zürich,748.0,500202,,2.0,E-Bike,,
2023-09-24 03:38:00,444,47.375247,8.496511,Sackzelg,Letzigraben 139,8047,Zürich,True,19,Active,6,Zürich,697.0,500230,11.0,2.0,E-Bike,,
2023-09-24 03:38:00,444,47.375247,8.496511,Sackzelg,Letzigraben 139,8047,Zürich,True,19,Active,6,Zürich,4836.0,500525,48.0,2.0,E-Bike,,
2023-09-24 03:38:00,444,47.375247,8.496511,Sackzelg,Letzigraben 139,8047,Zürich,True,19,Active,6,Zürich,3252.0,102872,,1.0,Bike,,
2023-09-24 03:38:00,811,46.417503,6.271244,"Gland, Le Midi",Rue du Midi,1196,Gland,True,16,Active,9,Région de Nyon,1328.0,102360,,1.0,Bike,,
2023-09-24 03:38:00,515,47.3690153,8.5543974,Hottingerplatz,Kasinostrasse 10,8032,Zürich,True,19,Active,6,Zürich,4630.0,503087,56.0,2.0,E-Bike,,
2023-09-24 03:38:00,515,47.3690153,8.5543974,Hottingerplatz,Kasinostrasse 10,8032,Zürich,True,19,Active,6,Zürich,4395.0,503250,51.0,2.0,E-Bike,,
2023-09-24 03:38:00,515,47.3690153,8.5543974,Hottingerplatz,Kasinostrasse 10,8032,Zürich,True,19,Active,6,Zürich,493.0,104651,,1.0,Bike,,
2023-09-24 03:38:00,515,47.3690153,8.5543974,Hottingerplatz,Kasinostrasse 10,8032,Zürich,True,19,Active,6,Zürich,884.0,500119,36.0,2.0,E-Bike,,
2023-09-24 03:38:00,515,47.3690153,8.5543974,Hottingerplatz,Kasinostrasse 10,8032,Zürich,True,19,Active,6,Zürich,3372.0,501242,51.0,2.0,E-Bike,,
2023-09-24 03:38:00,614,46.38356,6.23973,"Nyon, Petit Perdtemps",Petit-Perdtemps,1260,Nyon,True,27,Active,9,Région de Nyon,5796.0,105063,,1.0,Bike,,
2023-09-24 03:38:00,614,46.38356,6.23973,"Nyon, Petit Perdtemps",Petit-Perdtemps,1260,Nyon,True,27,Active,9,Région de Nyon,5788.0,103965,,1.0,Bike,,
2023-09-24 03:38:00,614,46.38356,6.23973,"Nyon, Petit Perdtemps",Petit-Perdtemps,1260,Nyon,True,27,Active,9,Région de Nyon,5655.0,103331,,1.0,Bike,,
2023-09-24 03:38:00,614,46.38356,6.23973,"Nyon, Petit Perdtemps",Petit-Perdtemps,1260,Nyon,True,27,Active,9,Région de Nyon,5216.0,103975,,1.0,Bike,,
2023-09-24 03:38:00,614,46.38356,6.23973,"Nyon, Petit Perdtemps",Petit-Perdtemps,1260,Nyon,True,27,Active,9,Région de Nyon,1294.0,101098,,1.0,Bike,,
2023-09-24 03:38:00,614,46.38356,6.23973,"Nyon, Petit Perdtemps",Petit-Perdtemps,1260,Nyon,True,27,Active,9,Région de Nyon,1292.0,101097,,1.0,Bike,,
2023-09-24 03:38:00,614,46.38356,6.23973,"Nyon, Petit Perdtemps",Petit-Perdtemps,1260,Nyon,True,27,Active,9,Région de Nyon,4.0,503611,,2.0,E-Bike,,
2023-09-24 03:38:00,614,46.38356,6.23973,"Nyon, Petit Perdtemps",Petit-Perdtemps,1260,Nyon,True,27,Active,9,Région de Nyon,5219.0,104301,,1.0,Bike,,
2023-09-24 03:38:00,600,46.45924,6.34011,"Rolle, Château",Place des Tilleuls,1180,Rolle,True,24,Active,9,Région de Nyon,5836.0,104155,,1.0,Bike,,
2023-09-24 03:38:00,600,46.45924,6.34011,"Rolle, Château",Place des Tilleuls,1180,Rolle,True,24,Active,9,Région de Nyon,5176.0,103946,,1.0,Bike,,
2023-09-24 03:38:00,600,46.45924,6.34011,"Rolle, Château",Place des Tilleuls,1180,Rolle,True,24,Active,9,Région de Nyon,1345.0,101073,,1.0,Bike,,
2023-09-24 03:38:00,600,46.45924,6.34011,"Rolle, Château",Place des Tilleuls,1180,Rolle,True,24,Active,9,Région de Nyon,5214.0,103977,,1.0,Bike,,
2023-09-24 03:38:00,600,46.45924,6.34011,"Rolle, Château",Place des Tilleuls,1180,Rolle,True,24,Active,9,Région de Nyon,448.0,101283,,1.0,Bike,,
2023-09-24 03:38:00,600,46.45924,6.34011,"Rolle, Château",Place des Tilleuls,1180,Rolle,True,24,Active,9,Région de Nyon,5186.0,103955,,1.0,Bike,,
2023-09-24 03:38:00,600,46.45924,6.34011,"Rolle, Château",Place des Tilleuls,1180,Rolle,True,24,Active,9,Région de Nyon,1299.0,101107,,1.0,Bike,,
2023-09-24 03:38:00,600,46.45924,6.34011,"Rolle, Château",Place des Tilleuls,1180,Rolle,True,24,Active,9,Région de Nyon,5089.0,105178,,1.0,Bike,,
2023-09-24 03:38:00,808,46.547024950077954,6.607627798721679,CHUV Cery,Route de Cery 60,1008,Prilly,True,19,Active (empty),2,Lausanne-Morges,,,,,,,
2023-09-24 03:38:00,391,47.401852,8.499265,Meierhofplatz,Limmattalstrasse 177,8049,Zürich,True,22,Active,6,Zürich,6160.0,504082,,2.0,E-Bike,,
2023-09-24 03:38:00,391,47.401852,8.499265,Meierhofplatz,Limmattalstrasse 177,8049,Zürich,True,22,Active,6,Zürich,2825.0,501571,43.0,2.0,E-Bike,,
2023-09-24 03:38:00,391,47.401852,8.499265,Meierhofplatz,Limmattalstrasse 177,8049,Zürich,True,22,Active,6,Zürich,3976.0,500824,23.0,2.0,E-Bike,,
2023-09-24 03:38:00,391,47.401852,8.499265,Meierhofplatz,Limmattalstrasse 177,8049,Zürich,True,22,Active,6,Zürich,4800.0,500574,23.0,2.0,E-Bike,,
2023-09-24 03:38:00,391,47.401852,8.499265,Meierhofplatz,Limmattalstrasse 177,8049,Zürich,True,22,Active,6,Zürich,720.0,500268,13.0,2.0,E-Bike,,
2023-09-24 03:38:00,139,47.410618,8.55189,Messe/Hallenstadion,Wallisellenstrasse 46,8050,Zürich,True,26,Active (empty),6,Zürich,,,,,,,
2023-09-24 03:38:00,411,46.9257473,7.3770699,Niederwangen Bahnhof,Freiburgstrasse 554a,3098,Köniz,True,43,Active,5,Bern,983.0,500334,24.0,2.0,E-Bike,,
2023-09-24 03:38:00,411,46.9257473,7.3770699,Niederwangen Bahnhof,Freiburgstrasse 554a,3098,Köniz,True,43,Active,5,Bern,1283.0,503472,51.0,2.0,E-Bike,,
2023-09-24 03:38:00,411,46.9257473,7.3770699,Niederwangen Bahnhof,Freiburgstrasse 554a,3098,Köniz,True,43,Active,5,Bern,4922.0,502990,61.0,2.0,E-Bike,,
2023-09-24 03:38:00,411,46.9257473,7.3770699,Niederwangen Bahnhof,Freiburgstrasse 554a,3098,Köniz,True,43,Active,5,Bern,5985.0,503526,48.0,2.0,E-Bike,,
2023-09-24 03:38:00,411,46.9257473,7.3770699,Niederwangen Bahnhof,Freiburgstrasse 554a,3098,Köniz,True,43,Active,5,Bern,1630.0,501721,59.0,2.0,E-Bike,,
2023-09-24 03:38:00,411,46.9257473,7.3770699,Niederwangen Bahnhof,Freiburgstrasse 554a,3098,Köniz,True,43,Active,5,Bern,2592.0,102094,,1.0,Bike,,
2023-09-24 03:38:00,150,47.359884,8.523071,Utoplatz,Kalendergasse 2,8045,Zürich,True,19,Active,6,Zürich,4808.0,500605,15.0,2.0,E-Bike,,
2023-09-24 03:38:00,150,47.359884,8.523071,Utoplatz,Kalendergasse 2,8045,Zürich,True,19,Active,6,Zürich,2732.0,501407,,2.0,E-Bike,,
2023-09-24 03:38:00,150,47.359884,8.523071,Utoplatz,Kalendergasse 2,8045,Zürich,True,19,Active,6,Zürich,4629.0,503121,16.0,2.0,E-Bike,,
2023-09-24 03:38:00,150,47.359884,8.523071,Utoplatz,Kalendergasse 2,8045,Zürich,True,19,Active,6,Zürich,1536.0,501802,16.0,2.0,E-Bike,,
2023-09-24 03:38:00,150,47.359884,8.523071,Utoplatz,Kalendergasse 2,8045,Zürich,True,19,Active,6,Zürich,505.0,101330,,1.0,Bike,,
2023-09-24 03:38:00,150,47.359884,8.523071,Utoplatz,Kalendergasse 2,8045,Zürich,True,19,Active,6,Zürich,636.0,101468,,1.0,Bike,,
2023-09-24 03:38:00,150,47.359884,8.523071,Utoplatz,Kalendergasse 2,8045,Zürich,True,19,Active,6,Zürich,719.0,500410,49.0,2.0,E-Bike,,
2023-09-24 03:38:00,150,47.359884,8.523071,Utoplatz,Kalendergasse 2,8045,Zürich,True,19,Active,6,Zürich,2380.0,102542,,1.0,Bike,,
2023-09-24 03:38:00,708,45.87023343314977,8.987408595931916,Mendrisio Centro,Via Luigi Lavizzari,6850,Mendrisio,True,18,Active,3,Sottoceneri (TI),4065.0,103303,,1.0,Bike,,
2023-09-24 03:38:00,708,45.87023343314977,8.987408595931916,Mendrisio Centro,Via Luigi Lavizzari,6850,Mendrisio,True,18,Active,3,Sottoceneri (TI),5446.0,104581,,1.0,Bike,,
2023-09-24 03:38:00,708,45.87023343314977,8.987408595931916,Mendrisio Centro,Via Luigi Lavizzari,6850,Mendrisio,True,18,Active,3,Sottoceneri (TI),4057.0,101899,,1.0,Bike,,
2023-09-24 03:38:00,838,46.505009,6.641321,Tour Haldimand - TetraLaval TetraPak,Av. Général-Guisan 70,1009,Pully,True,22,Active,2,Lausanne-Morges,1960.0,102728,,1.0,Bike,56.0,Sponsor 56
2023-09-24 03:38:00,838,46.505009,6.641321,Tour Haldimand - TetraLaval TetraPak,Av. Général-Guisan 70,1009,Pully,True,22,Active,2,Lausanne-Morges,249.0,100152,,1.0,Bike,56.0,Sponsor 56
2023-09-24 03:38:00,838,46.505009,6.641321,Tour Haldimand - TetraLaval TetraPak,Av. Général-Guisan 70,1009,Pully,True,22,Active,2,Lausanne-Morges,25.0,100393,26.0,2.0,E-Bike,56.0,Sponsor 56
2023-09-24 03:38:00,198,46.9439597,7.3746103,Westside,Riedbachstrasse 96,3027,Bern,True,13,Active,5,Bern,1174.0,500394,99.0,2.0,E-Bike,,
2023-09-24 03:38:00,198,46.9439597,7.3746103,Westside,Riedbachstrasse 96,3027,Bern,True,13,Active,5,Bern,1470.0,101616,,1.0,Bike,,
2023-09-24 03:38:00,198,46.9439597,7.3746103,Westside,Riedbachstrasse 96,3027,Bern,True,13,Active,5,Bern,6011.0,503892,99.0,2.0,E-Bike,,
2023-09-24 03:38:00,198,46.9439597,7.3746103,Westside,Riedbachstrasse 96,3027,Bern,True,13,Active,5,Bern,3308.0,501215,99.0,2.0,E-Bike,,
2023-09-24 03:38:00,464,46.9523752,7.3914921,Melchiorstrasse,Kasparstrasse 15a,3027,Bern,True,32,Active,5,Bern,4947.0,502991,88.0,2.0,E-Bike,,
2023-09-24 03:38:00,464,46.9523752,7.3914921,Melchiorstrasse,Kasparstrasse 15a,3027,Bern,True,32,Active,5,Bern,1469.0,101614,,1.0,Bike,,
2023-09-24 03:38:00,464,46.9523752,7.3914921,Melchiorstrasse,Kasparstrasse 15a,3027,Bern,True,32,Active,5,Bern,1975.0,501863,16.0,2.0,E-Bike,,
2023-09-24 03:38:00,448,47.379686,8.501312,Freibad Letzigraben,Letzigraben 43,8003,Zürich,True,24,Active,6,Zürich,940.0,500265,85.0,2.0,E-Bike,,
2023-09-24 03:38:00,448,47.379686,8.501312,Freibad Letzigraben,Letzigraben 43,8003,Zürich,True,24,Active,6,Zürich,2665.0,501423,79.0,2.0,E-Bike,,
2023-09-24 03:38:00,448,47.379686,8.501312,Freibad Letzigraben,Letzigraben 43,8003,Zürich,True,24,Active,6,Zürich,4397.0,503470,47.0,2.0,E-Bike,,
2023-09-24 03:38:00,138,47.375933,8.543447,Central,Limmatquai 138,8001,Zürich,True,29,Active,6,Zürich,659.0,104718,,1.0,Bike,,
2023-09-24 03:38:00,138,47.375933,8.543447,Central,Limmatquai 138,8001,Zürich,True,29,Active,6,Zürich,898.0,500278,,2.0,E-Bike,,
2023-09-24 03:38:00,138,47.375933,8.543447,Central,Limmatquai 138,8001,Zürich,True,29,Active,6,Zürich,4801.0,503657,37.0,2.0,E-Bike,,
2023-09-24 03:38:00,138,47.375933,8.543447,Central,Limmatquai 138,8001,Zürich,True,29,Active,6,Zürich,3706.0,103063,,1.0,Bike,,
2023-09-24 03:38:00,138,47.375933,8.543447,Central,Limmatquai 138,8001,Zürich,True,29,Active,6,Zürich,4627.0,503116,,2.0,E-Bike,,
2023-09-24 03:38:00,138,47.375933,8.543447,Central,Limmatquai 138,8001,Zürich,True,29,Active,6,Zürich,3294.0,102892,,1.0,Bike,,
2023-09-24 03:38:00,138,47.375933,8.543447,Central,Limmatquai 138,8001,Zürich,True,29,Active,6,Zürich,4758.0,500551,,2.0,E-Bike,,
2023-09-24 03:38:00,138,47.375933,8.543447,Central,Limmatquai 138,8001,Zürich,True,29,Active,6,Zürich,2411.0,102544,,1.0,Bike,,
2023-09-24 03:38:00,138,47.375933,8.543447,Central,Limmatquai 138,8001,Zürich,True,29,Active,6,Zürich,829.0,500146,87.0,2.0,E-Bike,,
2023-09-24 03:38:00,138,47.375933,8.543447,Central,Limmatquai 138,8001,Zürich,True,29,Active,6,Zürich,2931.0,102679,,1.0,Bike,,
2023-09-24 03:38:00,138,47.375933,8.543447,Central,Limmatquai 138,8001,Zürich,True,29,Active,6,Zürich,1535.0,501806,17.0,2.0,E-Bike,,
2023-09-24 03:38:00,138,47.375933,8.543447,Central,Limmatquai 138,8001,Zürich,True,29,Active,6,Zürich,3505.0,500826,85.0,2.0,E-Bike,,
2023-09-24 03:38:00,138,47.375933,8.543447,Central,Limmatquai 138,8001,Zürich,True,29,Active,6,Zürich,3513.0,503542,18.0,2.0,E-Bike,,
2023-09-24 03:38:00,138,47.375933,8.543447,Central,Limmatquai 138,8001,Zürich,True,29,Active,6,Zürich,652.0,104654,,1.0,Bike,,
2023-09-24 03:38:00,138,47.375933,8.543447,Central,Limmatquai 138,8001,Zürich,True,29,Active,6,Zürich,561.0,101380,,1.0,Bike,,
2023-09-24 03:38:00,88,47.364946,8.525788,Hürlimannplatz,Hürlimannplatz 90,8002,Zürich,True,56,Active,6,Zürich,4656.0,503117,11.0,2.0,E-Bike,,
2023-09-24 03:38:00,88,47.364946,8.525788,Hürlimannplatz,Hürlimannplatz 90,8002,Zürich,True,56,Active,6,Zürich,1814.0,101753,,1.0,Bike,,
2023-09-24 03:38:00,13,46.517153,6.561272,EPFL Innovation Park,Bâtiment G,1015,Ecublens,True,26,Active,2,Lausanne-Morges,272.0,100457,62.0,2.0,E-Bike,48.0,Sponsor 48
2023-09-24 03:38:00,13,46.517153,6.561272,EPFL Innovation Park,Bâtiment G,1015,Ecublens,True,26,Active,2,Lausanne-Morges,209.0,100283,17.0,2.0,E-Bike,48.0,Sponsor 48
2023-09-24 03:38:00,733,46.461609,6.346166,"Rolle, Camping",Chemin de la Plage 4,1180,Rolle,True,21,Active,9,Région de Nyon,1295.0,100244,82.0,2.0,E-Bike,,
2023-09-24 03:38:00,733,46.461609,6.346166,"Rolle, Camping",Chemin de la Plage 4,1180,Rolle,True,21,Active,9,Région de Nyon,5791.0,103356,,1.0,Bike,,
2023-09-24 03:38:00,114,46.9566007,7.4402185,Engehalde,Engehaldenstrasse 26,3012,Bern,True,32,Active,5,Bern,2596.0,102086,,1.0,Bike,,
2023-09-24 03:38:00,114,46.9566007,7.4402185,Engehalde,Engehaldenstrasse 26,3012,Bern,True,32,Active,5,Bern,3891.0,500762,93.0,2.0,E-Bike,,
2023-09-24 03:38:00,114,46.9566007,7.4402185,Engehalde,Engehaldenstrasse 26,3012,Bern,True,32,Active,5,Bern,1071.0,101499,,1.0,Bike,,
2023-09-24 03:38:00,114,46.9566007,7.4402185,Engehalde,Engehaldenstrasse 26,3012,Bern,True,32,Active,5,Bern,2541.0,101856,,1.0,Bike,,
2023-09-24 03:38:00,114,46.9566007,7.4402185,Engehalde,Engehaldenstrasse 26,3012,Bern,True,32,Active,5,Bern,1416.0,501750,91.0,2.0,E-Bike,,
2023-09-24 03:38:00,114,46.9566007,7.4402185,Engehalde,Engehaldenstrasse 26,3012,Bern,True,32,Active,5,Bern,1247.0,103374,,1.0,Bike,,
2023-09-24 03:38:00,114,46.9566007,7.4402185,Engehalde,Engehaldenstrasse 26,3012,Bern,True,32,Active,5,Bern,1257.0,102396,,1.0,Bike,,
2023-09-24 03:38:00,114,46.9566007,7.4402185,Engehalde,Engehaldenstrasse 26,3012,Bern,True,32,Active,5,Bern,3209.0,102796,,1.0,Bike,,
2023-09-24 03:38:00,114,46.9566007,7.4402185,Engehalde,Engehaldenstrasse 26,3012,Bern,True,32,Active,5,Bern,2761.0,101982,,1.0,Bike,,
2023-09-24 03:38:00,114,46.9566007,7.4402185,Engehalde,Engehaldenstrasse 26,3012,Bern,True,32,Active,5,Bern,1491.0,101592,,1.0,Bike,,
2023-09-24 03:38:00,114,46.9566007,7.4402185,Engehalde,Engehaldenstrasse 26,3012,Bern,True,32,Active,5,Bern,3852.0,103235,,1.0,Bike,,
2023-09-24 03:38:00,114,46.9566007,7.4402185,Engehalde,Engehaldenstrasse 26,3012,Bern,True,32,Active,5,Bern,2279.0,103369,,1.0,Bike,,
2023-09-24 03:38:00,419,46.93036,7.41929,Liebefeld Bahnhof,Stationsstrasse 1,3097,Köniz,True,32,Active,5,Bern,2099.0,101816,,1.0,Bike,,
2023-09-24 03:38:00,419,46.93036,7.41929,Liebefeld Bahnhof,Stationsstrasse 1,3097,Köniz,True,32,Active,5,Bern,1024.0,500353,93.0,2.0,E-Bike,,
2023-09-24 03:38:00,347,46.941479,7.466444,Burgernziel,Muristrasse 64,3006,Bern,True,10,Active,5,Bern,3341.0,501234,22.0,2.0,E-Bike,,
2023-09-24 03:38:00,347,46.941479,7.466444,Burgernziel,Muristrasse 64,3006,Bern,True,10,Active,5,Bern,1977.0,501834,74.0,2.0,E-Bike,,
2023-09-24 03:38:00,347,46.941479,7.466444,Burgernziel,Muristrasse 64,3006,Bern,True,10,Active,5,Bern,6000.0,503740,64.0,2.0,E-Bike,,
2023-09-24 03:38:00,347,46.941479,7.466444,Burgernziel,Muristrasse 64,3006,Bern,True,10,Active,5,Bern,4510.0,503048,86.0,2.0,E-Bike,,
2023-09-24 03:38:00,347,46.941479,7.466444,Burgernziel,Muristrasse 64,3006,Bern,True,10,Active,5,Bern,2965.0,102225,,1.0,Bike,,
2023-09-24 03:38:00,347,46.941479,7.466444,Burgernziel,Muristrasse 64,3006,Bern,True,10,Active,5,Bern,1376.0,501473,58.0,2.0,E-Bike,,
2023-09-24 03:38:00,347,46.941479,7.466444,Burgernziel,Muristrasse 64,3006,Bern,True,10,Active,5,Bern,1627.0,101683,,1.0,Bike,,
2023-09-24 03:38:00,347,46.941479,7.466444,Burgernziel,Muristrasse 64,3006,Bern,True,10,Active,5,Bern,1437.0,501755,52.0,2.0,E-Bike,,
2023-09-24 03:38:00,388,47.412732,8.544185,Max-Frisch-Platz,Jungholzstrasse 6,8050,Zürich,True,22,Active,6,Zürich,3754.0,103154,,1.0,Bike,,
2023-09-24 03:38:00,388,47.412732,8.544185,Max-Frisch-Platz,Jungholzstrasse 6,8050,Zürich,True,22,Active,6,Zürich,2399.0,102540,,1.0,Bike,,
2023-09-24 03:38:00,388,47.412732,8.544185,Max-Frisch-Platz,Jungholzstrasse 6,8050,Zürich,True,22,Active,6,Zürich,3691.0,103037,,1.0,Bike,,
2023-09-24 03:38:00,388,47.412732,8.544185,Max-Frisch-Platz,Jungholzstrasse 6,8050,Zürich,True,22,Active,6,Zürich,2420.0,102558,,1.0,Bike,,
2023-09-24 03:38:00,388,47.412732,8.544185,Max-Frisch-Platz,Jungholzstrasse 6,8050,Zürich,True,22,Active,6,Zürich,1567.0,101662,,1.0,Bike,,
2023-09-24 03:38:00,388,47.412732,8.544185,Max-Frisch-Platz,Jungholzstrasse 6,8050,Zürich,True,22,Active,6,Zürich,615.0,101432,,1.0,Bike,,
2023-09-24 03:38:00,388,47.412732,8.544185,Max-Frisch-Platz,Jungholzstrasse 6,8050,Zürich,True,22,Active,6,Zürich,589.0,101275,,1.0,Bike,,
2023-09-24 03:38:00,864,46.008146,8.969007,Cassarate Via del Tiglio,Via del Tiglio,6900,Lugano,True,80,Active,3,Sottoceneri (TI),5118.0,104050,,1.0,Bike,,
2023-09-24 03:38:00,864,46.008146,8.969007,Cassarate Via del Tiglio,Via del Tiglio,6900,Lugano,True,80,Active,3,Sottoceneri (TI),5124.0,104037,,1.0,Bike,,
2023-09-24 03:38:00,864,46.008146,8.969007,Cassarate Via del Tiglio,Via del Tiglio,6900,Lugano,True,80,Active,3,Sottoceneri (TI),5618.0,104802,,1.0,Bike,,
2023-09-24 03:38:00,864,46.008146,8.969007,Cassarate Via del Tiglio,Via del Tiglio,6900,Lugano,True,80,Active,3,Sottoceneri (TI),4111.0,501529,92.0,2.0,E-Bike,,
2023-09-24 03:38:00,864,46.008146,8.969007,Cassarate Via del Tiglio,Via del Tiglio,6900,Lugano,True,80,Active,3,Sottoceneri (TI),5567.0,105170,,1.0,Bike,,
2023-09-24 03:38:00,693,45.835102068444385,9.027882228092864,Chiasso Municipio,Piazza Col. C. Bernasconi 1,6830,Chiasso,True,21,Active,3,Sottoceneri (TI),4216.0,501539,89.0,2.0,E-Bike,,
2023-09-24 03:38:00,693,45.835102068444385,9.027882228092864,Chiasso Municipio,Piazza Col. C. Bernasconi 1,6830,Chiasso,True,21,Active,3,Sottoceneri (TI),5384.0,104593,,1.0,Bike,,
2023-09-24 03:38:00,693,45.835102068444385,9.027882228092864,Chiasso Municipio,Piazza Col. C. Bernasconi 1,6830,Chiasso,True,21,Active,3,Sottoceneri (TI),5465.0,104559,,1.0,Bike,,
2023-09-24 03:38:00,693,45.835102068444385,9.027882228092864,Chiasso Municipio,Piazza Col. C. Bernasconi 1,6830,Chiasso,True,21,Active,3,Sottoceneri (TI),5071.0,502839,90.0,2.0,E-Bike,,
2023-09-24 03:38:00,693,45.835102068444385,9.027882228092864,Chiasso Municipio,Piazza Col. C. Bernasconi 1,6830,Chiasso,True,21,Active,3,Sottoceneri (TI),5565.0,104881,,1.0,Bike,,
2023-09-24 03:38:00,693,45.835102068444385,9.027882228092864,Chiasso Municipio,Piazza Col. C. Bernasconi 1,6830,Chiasso,True,21,Active,3,Sottoceneri (TI),5107.0,104101,,1.0,Bike,,
2023-09-24 03:38:00,693,45.835102068444385,9.027882228092864,Chiasso Municipio,Piazza Col. C. Bernasconi 1,6830,Chiasso,True,21,Active,3,Sottoceneri (TI),4192.0,101924,,1.0,Bike,,
2023-09-24 03:38:00,756,46.370779,6.228414,"Nyon, Stade de Colovray",Route de Genève 37,1260,Nyon,True,21,Active,9,Région de Nyon,5210.0,103974,,1.0,Bike,,
2023-09-24 03:38:00,756,46.370779,6.228414,"Nyon, Stade de Colovray",Route de Genève 37,1260,Nyon,True,21,Active,9,Région de Nyon,5191.0,502916,68.0,2.0,E-Bike,,
2023-09-24 03:38:00,756,46.370779,6.228414,"Nyon, Stade de Colovray",Route de Genève 37,1260,Nyon,True,21,Active,9,Région de Nyon,5660.0,502926,82.0,2.0,E-Bike,,
2023-09-24 03:38:00,756,46.370779,6.228414,"Nyon, Stade de Colovray",Route de Genève 37,1260,Nyon,True,21,Active,9,Région de Nyon,5229.0,502929,60.0,2.0,E-Bike,,
2023-09-24 03:38:00,756,46.370779,6.228414,"Nyon, Stade de Colovray",Route de Genève 37,1260,Nyon,True,21,Active,9,Région de Nyon,5236.0,502931,54.0,2.0,E-Bike,,
2023-09-24 03:38:00,506,46.803943,7.151989,Fribourg Gare Nord,Place de la Gare 15,1700,Fribourg,True,32,Active,8,Fribourg,1859.0,101756,,1.0,Bike,26.0,Sponsor 26
2023-09-24 03:38:00,506,46.803943,7.151989,Fribourg Gare Nord,Place de la Gare 15,1700,Fribourg,True,32,Active,8,Fribourg,4300.0,104247,,1.0,Bike,26.0,Sponsor 26
2023-09-24 03:38:00,506,46.803943,7.151989,Fribourg Gare Nord,Place de la Gare 15,1700,Fribourg,True,32,Active,8,Fribourg,4454.0,101935,,1.0,Bike,26.0,Sponsor 26
2023-09-24 03:38:00,506,46.803943,7.151989,Fribourg Gare Nord,Place de la Gare 15,1700,Fribourg,True,32,Active,8,Fribourg,5807.0,104004,,1.0,Bike,26.0,Sponsor 26
2023-09-24 03:38:00,506,46.803943,7.151989,Fribourg Gare Nord,Place de la Gare 15,1700,Fribourg,True,32,Active,8,Fribourg,5966.0,503935,,2.0,E-Bike,26.0,Sponsor 26
2023-09-24 03:38:00,506,46.803943,7.151989,Fribourg Gare Nord,Place de la Gare 15,1700,Fribourg,True,32,Active,8,Fribourg,5808.0,102723,,1.0,Bike,26.0,Sponsor 26
2023-09-24 03:38:00,506,46.803943,7.151989,Fribourg Gare Nord,Place de la Gare 15,1700,Fribourg,True,32,Active,8,Fribourg,5860.0,504178,,2.0,E-Bike,26.0,Sponsor 26
2023-09-24 03:38:00,506,46.803943,7.151989,Fribourg Gare Nord,Place de la Gare 15,1700,Fribourg,True,32,Active,8,Fribourg,4453.0,101900,,1.0,Bike,26.0,Sponsor 26
2023-09-24 03:38:00,506,46.803943,7.151989,Fribourg Gare Nord,Place de la Gare 15,1700,Fribourg,True,32,Active,8,Fribourg,4286.0,104250,,1.0,Bike,26.0,Sponsor 26
2023-09-24 03:38:00,506,46.803943,7.151989,Fribourg Gare Nord,Place de la Gare 15,1700,Fribourg,True,32,Active,8,Fribourg,1843.0,101764,,1.0,Bike,26.0,Sponsor 26
2023-09-24 03:38:00,768,46.81983868693908,7.139736435254434,Chantemerle,Route de Chantemerle 60,1763,Granges-Paccot,True,21,Active,8,Fribourg,5697.0,504181,68.0,2.0,E-Bike,26.0,Sponsor 26
2023-09-24 03:38:00,768,46.81983868693908,7.139736435254434,Chantemerle,Route de Chantemerle 60,1763,Granges-Paccot,True,21,Active,8,Fribourg,5305.0,502442,55.0,2.0,E-Bike,26.0,Sponsor 26
2023-09-24 03:38:00,768,46.81983868693908,7.139736435254434,Chantemerle,Route de Chantemerle 60,1763,Granges-Paccot,True,21,Active,8,Fribourg,5766.0,504102,92.0,2.0,E-Bike,26.0,Sponsor 26
2023-09-24 03:38:00,768,46.81983868693908,7.139736435254434,Chantemerle,Route de Chantemerle 60,1763,Granges-Paccot,True,21,Active,8,Fribourg,5001.0,502818,57.0,2.0,E-Bike,26.0,Sponsor 26
2023-09-24 03:38:00,768,46.81983868693908,7.139736435254434,Chantemerle,Route de Chantemerle 60,1763,Granges-Paccot,True,21,Active,8,Fribourg,1940.0,500978,40.0,2.0,E-Bike,26.0,Sponsor 26
2023-09-24 03:38:00,768,46.81983868693908,7.139736435254434,Chantemerle,Route de Chantemerle 60,1763,Granges-Paccot,True,21,Active,8,Fribourg,1844.0,101768,,1.0,Bike,26.0,Sponsor 26
2023-09-24 03:38:00,768,46.81983868693908,7.139736435254434,Chantemerle,Route de Chantemerle 60,1763,Granges-Paccot,True,21,Active,8,Fribourg,4984.0,501207,42.0,2.0,E-Bike,26.0,Sponsor 26
2023-09-24 03:38:00,768,46.81983868693908,7.139736435254434,Chantemerle,Route de Chantemerle 60,1763,Granges-Paccot,True,21,Active,8,Fribourg,5253.0,502431,35.0,2.0,E-Bike,26.0,Sponsor 26
2023-09-24 03:38:00,768,46.81983868693908,7.139736435254434,Chantemerle,Route de Chantemerle 60,1763,Granges-Paccot,True,21,Active,8,Fribourg,5805.0,104476,,1.0,Bike,26.0,Sponsor 26
2023-09-24 03:38:00,768,46.81983868693908,7.139736435254434,Chantemerle,Route de Chantemerle 60,1763,Granges-Paccot,True,21,Active,8,Fribourg,5893.0,503988,54.0,2.0,E-Bike,26.0,Sponsor 26
2023-09-24 03:38:00,768,46.81983868693908,7.139736435254434,Chantemerle,Route de Chantemerle 60,1763,Granges-Paccot,True,21,Active,8,Fribourg,5273.0,502408,60.0,2.0,E-Bike,26.0,Sponsor 26
2023-09-24 03:38:00,768,46.81983868693908,7.139736435254434,Chantemerle,Route de Chantemerle 60,1763,Granges-Paccot,True,21,Active,8,Fribourg,5304.0,502452,51.0,2.0,E-Bike,26.0,Sponsor 26
2023-09-24 03:38:00,768,46.81983868693908,7.139736435254434,Chantemerle,Route de Chantemerle 60,1763,Granges-Paccot,True,21,Active,8,Fribourg,1887.0,500932,70.0,2.0,E-Bike,26.0,Sponsor 26
2023-09-24 03:38:00,768,46.81983868693908,7.139736435254434,Chantemerle,Route de Chantemerle 60,1763,Granges-Paccot,True,21,Active,8,Fribourg,1894.0,500939,91.0,2.0,E-Bike,26.0,Sponsor 26
2023-09-24 03:38:00,868,46.86694,9.53723,Pädagogische Hochschule Graubünden,Scalärastrasse 17,7000,Chur,True,80,Active,11,Chur,2657.0,504362,69.0,2.0,E-Bike,62.0,Sponsor 62
2023-09-24 03:38:00,868,46.86694,9.53723,Pädagogische Hochschule Graubünden,Scalärastrasse 17,7000,Chur,True,80,Active,11,Chur,1154.0,101572,,1.0,Bike,62.0,Sponsor 62
2023-09-24 03:38:00,868,46.86694,9.53723,Pädagogische Hochschule Graubünden,Scalärastrasse 17,7000,Chur,True,80,Active,11,Chur,4954.0,502553,72.0,2.0,E-Bike,62.0,Sponsor 62
2023-09-24 03:38:00,868,46.86694,9.53723,Pädagogische Hochschule Graubünden,Scalärastrasse 17,7000,Chur,True,80,Active,11,Chur,3614.0,102971,,1.0,Bike,62.0,Sponsor 62
2023-09-24 03:38:00,868,46.86694,9.53723,Pädagogische Hochschule Graubünden,Scalärastrasse 17,7000,Chur,True,80,Active,11,Chur,6201.0,504093,53.0,2.0,E-Bike,62.0,Sponsor 62
2023-09-24 03:38:00,221,46.9519742,7.4227466,Fabrikstrasse Uni Bern,Fabrikstrasse 2,3012,Bern,True,10,Active,5,Bern,4916.0,501469,51.0,2.0,E-Bike,,
2023-09-24 03:38:00,221,46.9519742,7.4227466,Fabrikstrasse Uni Bern,Fabrikstrasse 2,3012,Bern,True,10,Active,5,Bern,2269.0,102050,,1.0,Bike,,
2023-09-24 03:38:00,221,46.9519742,7.4227466,Fabrikstrasse Uni Bern,Fabrikstrasse 2,3012,Bern,True,10,Active,5,Bern,3243.0,102694,,1.0,Bike,,
2023-09-24 03:38:00,221,46.9519742,7.4227466,Fabrikstrasse Uni Bern,Fabrikstrasse 2,3012,Bern,True,10,Active,5,Bern,2105.0,101807,,1.0,Bike,,
2023-09-24 03:38:00,221,46.9519742,7.4227466,Fabrikstrasse Uni Bern,Fabrikstrasse 2,3012,Bern,True,10,Active,5,Bern,3740.0,103136,,1.0,Bike,,
2023-09-24 03:38:00,221,46.9519742,7.4227466,Fabrikstrasse Uni Bern,Fabrikstrasse 2,3012,Bern,True,10,Active,5,Bern,3019.0,104173,,1.0,Bike,,
2023-09-24 03:38:00,221,46.9519742,7.4227466,Fabrikstrasse Uni Bern,Fabrikstrasse 2,3012,Bern,True,10,Active,5,Bern,1209.0,102140,,1.0,Bike,,
2023-09-24 03:38:00,221,46.9519742,7.4227466,Fabrikstrasse Uni Bern,Fabrikstrasse 2,3012,Bern,True,10,Active,5,Bern,3728.0,103112,,1.0,Bike,,
2023-09-24 03:38:00,221,46.9519742,7.4227466,Fabrikstrasse Uni Bern,Fabrikstrasse 2,3012,Bern,True,10,Active,5,Bern,3877.0,103268,,1.0,Bike,,
2023-09-24 03:38:00,221,46.9519742,7.4227466,Fabrikstrasse Uni Bern,Fabrikstrasse 2,3012,Bern,True,10,Active,5,Bern,1056.0,102353,,1.0,Bike,,
2023-09-24 03:38:00,221,46.9519742,7.4227466,Fabrikstrasse Uni Bern,Fabrikstrasse 2,3012,Bern,True,10,Active,5,Bern,1132.0,101359,,1.0,Bike,,
2023-09-24 03:38:00,796,46.82482068793405,7.15174354915194,Forum Fribourg,Rte du Lac,1763,Granges-Paccot,True,22,Active,8,Fribourg,4297.0,104252,,1.0,Bike,26.0,Sponsor 26
2023-09-24 03:38:00,796,46.82482068793405,7.15174354915194,Forum Fribourg,Rte du Lac,1763,Granges-Paccot,True,22,Active,8,Fribourg,1886.0,500933,,2.0,E-Bike,26.0,Sponsor 26
2023-09-24 03:38:00,796,46.82482068793405,7.15174354915194,Forum Fribourg,Rte du Lac,1763,Granges-Paccot,True,22,Active,8,Fribourg,5243.0,502941,56.0,2.0,E-Bike,26.0,Sponsor 26
2023-09-24 03:38:00,796,46.82482068793405,7.15174354915194,Forum Fribourg,Rte du Lac,1763,Granges-Paccot,True,22,Active,8,Fribourg,1854.0,101711,,1.0,Bike,26.0,Sponsor 26
2023-09-24 03:38:00,796,46.82482068793405,7.15174354915194,Forum Fribourg,Rte du Lac,1763,Granges-Paccot,True,22,Active,8,Fribourg,4462.0,101884,,1.0,Bike,26.0,Sponsor 26
2023-09-24 03:38:00,796,46.82482068793405,7.15174354915194,Forum Fribourg,Rte du Lac,1763,Granges-Paccot,True,22,Active,8,Fribourg,5701.0,504184,,2.0,E-Bike,26.0,Sponsor 26
2023-09-24 03:38:00,218,46.961965,7.452968,Breitfeld,Weingartstrasse 59,3014,Bern,True,10,Active,5,Bern,4002.0,103321,,1.0,Bike,,
2023-09-24 03:38:00,218,46.961965,7.452968,Breitfeld,Weingartstrasse 59,3014,Bern,True,10,Active,5,Bern,4333.0,503195,54.0,2.0,E-Bike,,
2023-09-24 03:38:00,218,46.961965,7.452968,Breitfeld,Weingartstrasse 59,3014,Bern,True,10,Active,5,Bern,1430.0,501745,67.0,2.0,E-Bike,,
2023-09-24 03:38:00,218,46.961965,7.452968,Breitfeld,Weingartstrasse 59,3014,Bern,True,10,Active,5,Bern,4034.0,502639,51.0,2.0,E-Bike,,
2023-09-24 03:38:00,218,46.961965,7.452968,Breitfeld,Weingartstrasse 59,3014,Bern,True,10,Active,5,Bern,4162.0,500642,14.0,2.0,E-Bike,,
2023-09-24 03:38:00,218,46.961965,7.452968,Breitfeld,Weingartstrasse 59,3014,Bern,True,10,Active,5,Bern,4168.0,500630,83.0,2.0,E-Bike,,
2023-09-24 03:38:00,218,46.961965,7.452968,Breitfeld,Weingartstrasse 59,3014,Bern,True,10,Active,5,Bern,2785.0,501066,84.0,2.0,E-Bike,,
2023-09-24 03:38:00,218,46.961965,7.452968,Breitfeld,Weingartstrasse 59,3014,Bern,True,10,Active,5,Bern,1286.0,502664,65.0,2.0,E-Bike,,
2023-09-24 03:38:00,218,46.961965,7.452968,Breitfeld,Weingartstrasse 59,3014,Bern,True,10,Active,5,Bern,3317.0,501229,34.0,2.0,E-Bike,,
2023-09-24 03:38:00,218,46.961965,7.452968,Breitfeld,Weingartstrasse 59,3014,Bern,True,10,Active,5,Bern,4021.0,500854,90.0,2.0,E-Bike,,
2023-09-24 03:38:00,218,46.961965,7.452968,Breitfeld,Weingartstrasse 59,3014,Bern,True,10,Active,5,Bern,1090.0,101362,,1.0,Bike,,
2023-09-24 03:38:00,218,46.961965,7.452968,Breitfeld,Weingartstrasse 59,3014,Bern,True,10,Active,5,Bern,4520.0,503027,56.0,2.0,E-Bike,,
2023-09-24 03:38:00,218,46.961965,7.452968,Breitfeld,Weingartstrasse 59,3014,Bern,True,10,Active,5,Bern,2002.0,501943,69.0,2.0,E-Bike,,
2023-09-24 03:38:00,218,46.961965,7.452968,Breitfeld,Weingartstrasse 59,3014,Bern,True,10,Active,5,Bern,1218.0,500481,92.0,2.0,E-Bike,,
2023-09-24 03:38:00,616,46.975958,7.472646,Bundesamt für Energie,Mühlestrasse 4,3063,Ittigen,True,48,Active,5,Bern,1142.0,500448,95.0,2.0,E-Bike,,
2023-09-24 03:38:00,616,46.975958,7.472646,Bundesamt für Energie,Mühlestrasse 4,3063,Ittigen,True,48,Active,5,Bern,1988.0,500440,94.0,2.0,E-Bike,,
2023-09-24 03:38:00,616,46.975958,7.472646,Bundesamt für Energie,Mühlestrasse 4,3063,Ittigen,True,48,Active,5,Bern,4931.0,502999,36.0,2.0,E-Bike,,
2023-09-24 03:38:00,616,46.975958,7.472646,Bundesamt für Energie,Mühlestrasse 4,3063,Ittigen,True,48,Active,5,Bern,6026.0,503888,41.0,2.0,E-Bike,,
2023-09-24 03:38:00,616,46.975958,7.472646,Bundesamt für Energie,Mühlestrasse 4,3063,Ittigen,True,48,Active,5,Bern,1614.0,101685,,1.0,Bike,,
2023-09-24 03:38:00,616,46.975958,7.472646,Bundesamt für Energie,Mühlestrasse 4,3063,Ittigen,True,48,Active,5,Bern,1115.0,101351,,1.0,Bike,,
2023-09-24 03:38:00,616,46.975958,7.472646,Bundesamt für Energie,Mühlestrasse 4,3063,Ittigen,True,48,Active,5,Bern,3138.0,102204,,1.0,Bike,,
2023-09-24 03:38:00,616,46.975958,7.472646,Bundesamt für Energie,Mühlestrasse 4,3063,Ittigen,True,48,Active,5,Bern,3464.0,502144,80.0,2.0,E-Bike,,
2023-09-24 03:38:00,616,46.975958,7.472646,Bundesamt für Energie,Mühlestrasse 4,3063,Ittigen,True,48,Active,5,Bern,2144.0,101963,,1.0,Bike,,
2023-09-24 03:38:00,616,46.975958,7.472646,Bundesamt für Energie,Mühlestrasse 4,3063,Ittigen,True,48,Active,5,Bern,2128.0,104169,,1.0,Bike,,
2023-09-24 03:38:00,704,45.87254294486857,8.987224327562924,Mendrisio Museo,Via Vincenzo Vela,6850,Mendrisio,True,21,Active,3,Sottoceneri (TI),164.0,100181,,1.0,Bike,,
2023-09-24 03:38:00,704,45.87254294486857,8.987224327562924,Mendrisio Museo,Via Vincenzo Vela,6850,Mendrisio,True,21,Active,3,Sottoceneri (TI),5218.0,103979,,1.0,Bike,,
2023-09-24 03:38:00,704,45.87254294486857,8.987224327562924,Mendrisio Museo,Via Vincenzo Vela,6850,Mendrisio,True,21,Active,3,Sottoceneri (TI),4194.0,104563,,1.0,Bike,,
2023-09-24 03:38:00,704,45.87254294486857,8.987224327562924,Mendrisio Museo,Via Vincenzo Vela,6850,Mendrisio,True,21,Active,3,Sottoceneri (TI),5584.0,104793,,1.0,Bike,,
2023-09-24 03:38:00,830,46.90080888317644,7.401061091966004,Gasel BLS SwissBikePark,Schwarzenburgstrasse 574a,3144,Köniz,True,16,Active,5,Bern,1401.0,501967,14.0,2.0,E-Bike,,
2023-09-24 03:38:00,830,46.90080888317644,7.401061091966004,Gasel BLS SwissBikePark,Schwarzenburgstrasse 574a,3144,Köniz,True,16,Active,5,Bern,4749.0,500736,24.0,2.0,E-Bike,,
2023-09-24 03:38:00,648,46.949233,7.436822,Open 07:00 - 18:00 In der Velostation Schanzenbrücke,Velostation Parkterrasse,3012,Bern,True,80,Active,5,Bern,3739.0,103086,,1.0,Bike,,
2023-09-24 03:38:00,648,46.949233,7.436822,Open 07:00 - 18:00 In der Velostation Schanzenbrücke,Velostation Parkterrasse,3012,Bern,True,80,Active,5,Bern,3579.0,502625,89.0,2.0,E-Bike,,
2023-09-24 03:38:00,648,46.949233,7.436822,Open 07:00 - 18:00 In der Velostation Schanzenbrücke,Velostation Parkterrasse,3012,Bern,True,80,Active,5,Bern,1391.0,501902,37.0,2.0,E-Bike,,
2023-09-24 03:38:00,648,46.949233,7.436822,Open 07:00 - 18:00 In der Velostation Schanzenbrücke,Velostation Parkterrasse,3012,Bern,True,80,Active,5,Bern,3629.0,102960,,1.0,Bike,,
2023-09-24 03:38:00,648,46.949233,7.436822,Open 07:00 - 18:00 In der Velostation Schanzenbrücke,Velostation Parkterrasse,3012,Bern,True,80,Active,5,Bern,4039.0,500881,76.0,2.0,E-Bike,,
2023-09-24 03:38:00,648,46.949233,7.436822,Open 07:00 - 18:00 In der Velostation Schanzenbrücke,Velostation Parkterrasse,3012,Bern,True,80,Active,5,Bern,2488.0,501610,94.0,2.0,E-Bike,,
2023-09-24 03:38:00,648,46.949233,7.436822,Open 07:00 - 18:00 In der Velostation Schanzenbrücke,Velostation Parkterrasse,3012,Bern,True,80,Active,5,Bern,2013.0,502581,71.0,2.0,E-Bike,,
2023-09-24 03:38:00,648,46.949233,7.436822,Open 07:00 - 18:00 In der Velostation Schanzenbrücke,Velostation Parkterrasse,3012,Bern,True,80,Active,5,Bern,2323.0,102475,,1.0,Bike,,
2023-09-24 03:38:00,648,46.949233,7.436822,Open 07:00 - 18:00 In der Velostation Schanzenbrücke,Velostation Parkterrasse,3012,Bern,True,80,Active,5,Bern,1073.0,101483,,1.0,Bike,,
2023-09-24 03:38:00,236,46.8104076,7.1730614,Schönberg,Route de la Heitera 3,1700,Fribourg,True,40,Active,8,Fribourg,5924.0,501129,,2.0,E-Bike,26.0,Sponsor 26
2023-09-24 03:38:00,236,46.8104076,7.1730614,Schönberg,Route de la Heitera 3,1700,Fribourg,True,40,Active,8,Fribourg,5282.0,502461,,2.0,E-Bike,26.0,Sponsor 26
2023-09-24 03:38:00,236,46.8104076,7.1730614,Schönberg,Route de la Heitera 3,1700,Fribourg,True,40,Active,8,Fribourg,5889.0,503846,41.0,2.0,E-Bike,26.0,Sponsor 26
2023-09-24 03:38:00,236,46.8104076,7.1730614,Schönberg,Route de la Heitera 3,1700,Fribourg,True,40,Active,8,Fribourg,5918.0,503961,34.0,2.0,E-Bike,26.0,Sponsor 26
2023-09-24 03:38:00,236,46.8104076,7.1730614,Schönberg,Route de la Heitera 3,1700,Fribourg,True,40,Active,8,Fribourg,4999.0,503295,93.0,2.0,E-Bike,26.0,Sponsor 26
2023-09-24 03:38:00,236,46.8104076,7.1730614,Schönberg,Route de la Heitera 3,1700,Fribourg,True,40,Active,8,Fribourg,1868.0,501323,48.0,2.0,E-Bike,26.0,Sponsor 26
2023-09-24 03:38:00,216,46.9538192,7.4581813,Schönburg,Spitalackerstrasse 12,3013,Bern,True,8,Active,5,Bern,4579.0,103197,,1.0,Bike,,
2023-09-24 03:38:00,216,46.9538192,7.4581813,Schönburg,Spitalackerstrasse 12,3013,Bern,True,8,Active,5,Bern,1190.0,500386,83.0,2.0,E-Bike,,
2023-09-24 03:38:00,216,46.9538192,7.4581813,Schönburg,Spitalackerstrasse 12,3013,Bern,True,8,Active,5,Bern,1644.0,501725,60.0,2.0,E-Bike,,
2023-09-24 03:38:00,543,46.517338,6.59775,Siège du CIO,Chemin du Camping 3,1007,Lausanne,True,22,Active,2,Lausanne-Morges,432.0,105194,,1.0,Bike,1.0,Sponsor 01
2023-09-24 03:38:00,543,46.517338,6.59775,Siège du CIO,Chemin du Camping 3,1007,Lausanne,True,22,Active,2,Lausanne-Morges,423.0,500016,,2.0,E-Bike,1.0,Sponsor 01
2023-09-24 03:38:00,543,46.517338,6.59775,Siège du CIO,Chemin du Camping 3,1007,Lausanne,True,22,Active,2,Lausanne-Morges,444.0,104618,,1.0,Bike,1.0,Sponsor 01
2023-09-24 03:38:00,543,46.517338,6.59775,Siège du CIO,Chemin du Camping 3,1007,Lausanne,True,22,Active,2,Lausanne-Morges,5759.0,503949,13.0,2.0,E-Bike,1.0,Sponsor 01
2023-09-24 03:38:00,543,46.517338,6.59775,Siège du CIO,Chemin du Camping 3,1007,Lausanne,True,22,Active,2,Lausanne-Morges,17.0,503722,41.0,2.0,E-Bike,1.0,Sponsor 01
2023-09-24 03:38:00,543,46.517338,6.59775,Siège du CIO,Chemin du Camping 3,1007,Lausanne,True,22,Active,2,Lausanne-Morges,3103.0,102839,,1.0,Bike,1.0,Sponsor 01
2023-09-24 03:38:00,543,46.517338,6.59775,Siège du CIO,Chemin du Camping 3,1007,Lausanne,True,22,Active,2,Lausanne-Morges,401.0,104628,,1.0,Bike,1.0,Sponsor 01
2023-09-24 03:38:00,543,46.517338,6.59775,Siège du CIO,Chemin du Camping 3,1007,Lausanne,True,22,Active,2,Lausanne-Morges,4236.0,101880,,1.0,Bike,1.0,Sponsor 01
2023-09-24 03:38:00,543,46.517338,6.59775,Siège du CIO,Chemin du Camping 3,1007,Lausanne,True,22,Active,2,Lausanne-Morges,6065.0,105048,,1.0,Bike,1.0,Sponsor 01
2023-09-24 03:38:00,606,46.31526,6.19271,"Coppet, Port",Place des Ormes,1296,Coppet,True,27,Active,9,Région de Nyon,5782.0,103962,,1.0,Bike,,
2023-09-24 03:38:00,606,46.31526,6.19271,"Coppet, Port",Place des Ormes,1296,Coppet,True,27,Active,9,Région de Nyon,1700.0,105053,,1.0,Bike,,
2023-09-24 03:38:00,606,46.31526,6.19271,"Coppet, Port",Place des Ormes,1296,Coppet,True,27,Active,9,Région de Nyon,1947.0,101701,,1.0,Bike,,
2023-09-24 03:38:00,606,46.31526,6.19271,"Coppet, Port",Place des Ormes,1296,Coppet,True,27,Active,9,Région de Nyon,5220.0,103973,,1.0,Bike,,
2023-09-24 03:38:00,606,46.31526,6.19271,"Coppet, Port",Place des Ormes,1296,Coppet,True,27,Active,9,Région de Nyon,1676.0,101092,,1.0,Bike,,
2023-09-24 03:38:00,606,46.31526,6.19271,"Coppet, Port",Place des Ormes,1296,Coppet,True,27,Active,9,Région de Nyon,5648.0,103341,,1.0,Bike,,
2023-09-24 03:38:00,606,46.31526,6.19271,"Coppet, Port",Place des Ormes,1296,Coppet,True,27,Active,9,Région de Nyon,1314.0,101090,,1.0,Bike,,
2023-09-24 03:38:00,473,46.9491966,7.445947,Predigergasse,Predigergasse 6,3011,Bern,True,27,Active,5,Bern,2157.0,102084,,1.0,Bike,,
2023-09-24 03:38:00,473,46.9491966,7.445947,Predigergasse,Predigergasse 6,3011,Bern,True,27,Active,5,Bern,2324.0,102472,,1.0,Bike,,
2023-09-24 03:38:00,365,47.388689,8.536433,Kornhausstrasse,Kornhausstrasse 30,8006,Zürich,True,10,Active,6,Zürich,2422.0,102561,,1.0,Bike,,
2023-09-24 03:38:00,208,45.977309,8.875447,Caslano FLP,Via Stazione 77,6987,Caslano,True,80,Active,3,Sottoceneri (TI),114.0,100259,62.0,2.0,E-Bike,,
2023-09-24 03:38:00,208,45.977309,8.875447,Caslano FLP,Via Stazione 77,6987,Caslano,True,80,Active,3,Sottoceneri (TI),5011.0,502822,42.0,2.0,E-Bike,,
2023-09-24 03:38:00,208,45.977309,8.875447,Caslano FLP,Via Stazione 77,6987,Caslano,True,80,Active,3,Sottoceneri (TI),5600.0,105225,,1.0,Bike,,
2023-09-24 03:38:00,208,45.977309,8.875447,Caslano FLP,Via Stazione 77,6987,Caslano,True,80,Active,3,Sottoceneri (TI),5076.0,502893,62.0,2.0,E-Bike,,
2023-09-24 03:38:00,208,45.977309,8.875447,Caslano FLP,Via Stazione 77,6987,Caslano,True,80,Active,3,Sottoceneri (TI),5342.0,104597,,1.0,Bike,,
2023-09-24 03:38:00,208,45.977309,8.875447,Caslano FLP,Via Stazione 77,6987,Caslano,True,80,Active,3,Sottoceneri (TI),4193.0,101925,,1.0,Bike,,
2023-09-24 03:38:00,718,45.861449804710674,8.954692504152314,Ligornetto Nucleo,Via Eugenio Bernasconi 22,6853,Ligornetto,True,16,Active,3,Sottoceneri (TI),270.0,100479,68.0,2.0,E-Bike,,
2023-09-24 03:38:00,718,45.861449804710674,8.954692504152314,Ligornetto Nucleo,Via Eugenio Bernasconi 22,6853,Ligornetto,True,16,Active,3,Sottoceneri (TI),5599.0,104798,,1.0,Bike,,
2023-09-24 03:38:00,563,47.360004,8.534227,Mythenschloss,Alfred Escher-Strasse 76,8002,Zürich,True,26,Active,6,Zürich,4426.0,503270,64.0,2.0,E-Bike,,
2023-09-24 03:38:00,563,47.360004,8.534227,Mythenschloss,Alfred Escher-Strasse 76,8002,Zürich,True,26,Active,6,Zürich,3364.0,501252,34.0,2.0,E-Bike,,
2023-09-24 03:38:00,563,47.360004,8.534227,Mythenschloss,Alfred Escher-Strasse 76,8002,Zürich,True,26,Active,6,Zürich,4835.0,500519,80.0,2.0,E-Bike,,
2023-09-24 03:38:00,563,47.360004,8.534227,Mythenschloss,Alfred Escher-Strasse 76,8002,Zürich,True,26,Active,6,Zürich,891.0,500122,22.0,2.0,E-Bike,,
2023-09-24 03:38:00,563,47.360004,8.534227,Mythenschloss,Alfred Escher-Strasse 76,8002,Zürich,True,26,Active,6,Zürich,1595.0,501850,16.0,2.0,E-Bike,,
2023-09-24 03:38:00,788,46.52285180329474,6.616691677562492,SEVELIN.CH,Avenue de Sévelin,1004,Lausanne,True,21,Active (empty),2,Lausanne-Morges,,,,,,52.0,Sponsor 52
2023-09-24 03:38:00,119,46.95752776631194,7.440576239521807,PostAuto Engehalde,Engehaldenstrasse 37,3012,Bern,True,40,Active,5,Bern,987.0,500342,,2.0,E-Bike,,
2023-09-24 03:38:00,119,46.95752776631194,7.440576239521807,PostAuto Engehalde,Engehaldenstrasse 37,3012,Bern,True,40,Active,5,Bern,3790.0,103199,,1.0,Bike,,
2023-09-24 03:38:00,119,46.95752776631194,7.440576239521807,PostAuto Engehalde,Engehaldenstrasse 37,3012,Bern,True,40,Active,5,Bern,3164.0,102709,,1.0,Bike,,
2023-09-24 03:38:00,119,46.95752776631194,7.440576239521807,PostAuto Engehalde,Engehaldenstrasse 37,3012,Bern,True,40,Active,5,Bern,2751.0,101867,,1.0,Bike,,
2023-09-24 03:38:00,119,46.95752776631194,7.440576239521807,PostAuto Engehalde,Engehaldenstrasse 37,3012,Bern,True,40,Active,5,Bern,4318.0,503174,93.0,2.0,E-Bike,,
2023-09-24 03:38:00,119,46.95752776631194,7.440576239521807,PostAuto Engehalde,Engehaldenstrasse 37,3012,Bern,True,40,Active,5,Bern,2299.0,102298,,1.0,Bike,,
2023-09-24 03:38:00,119,46.95752776631194,7.440576239521807,PostAuto Engehalde,Engehaldenstrasse 37,3012,Bern,True,40,Active,5,Bern,2978.0,101841,,1.0,Bike,,
2023-09-24 03:38:00,119,46.95752776631194,7.440576239521807,PostAuto Engehalde,Engehaldenstrasse 37,3012,Bern,True,40,Active,5,Bern,3711.0,103118,,1.0,Bike,,
2023-09-24 03:38:00,119,46.95752776631194,7.440576239521807,PostAuto Engehalde,Engehaldenstrasse 37,3012,Bern,True,40,Active,5,Bern,2258.0,104546,,1.0,Bike,,
2023-09-24 03:38:00,119,46.95752776631194,7.440576239521807,PostAuto Engehalde,Engehaldenstrasse 37,3012,Bern,True,40,Active,5,Bern,2345.0,800009,,1.0,Bike,,
2023-09-24 03:38:00,539,47.402801,8.58131,Glattwiesen,Altwiesenstrasse 104,8051,Zürich,True,19,Active,6,Zürich,827.0,500069,20.0,2.0,E-Bike,,
2023-09-24 03:38:00,539,47.402801,8.58131,Glattwiesen,Altwiesenstrasse 104,8051,Zürich,True,19,Active,6,Zürich,3288.0,102894,,1.0,Bike,,
2023-09-24 03:38:00,539,47.402801,8.58131,Glattwiesen,Altwiesenstrasse 104,8051,Zürich,True,19,Active,6,Zürich,3538.0,102931,,1.0,Bike,,
2023-09-24 03:38:00,539,47.402801,8.58131,Glattwiesen,Altwiesenstrasse 104,8051,Zürich,True,19,Active,6,Zürich,1587.0,501672,25.0,2.0,E-Bike,,
2023-09-24 03:38:00,539,47.402801,8.58131,Glattwiesen,Altwiesenstrasse 104,8051,Zürich,True,19,Active,6,Zürich,609.0,101427,,1.0,Bike,,
2023-09-24 03:38:00,539,47.402801,8.58131,Glattwiesen,Altwiesenstrasse 104,8051,Zürich,True,19,Active,6,Zürich,1839.0,501158,11.0,2.0,E-Bike,,
2023-09-24 03:38:00,361,47.394554,8.522117,Dorfstrasse,Dorfstrasse 40,8037,Zürich,True,13,Active,6,Zürich,3763.0,103137,,1.0,Bike,,
2023-09-24 03:38:00,361,47.394554,8.522117,Dorfstrasse,Dorfstrasse 40,8037,Zürich,True,13,Active,6,Zürich,3539.0,102937,,1.0,Bike,,
2023-09-24 03:38:00,361,47.394554,8.522117,Dorfstrasse,Dorfstrasse 40,8037,Zürich,True,13,Active,6,Zürich,2911.0,102212,,1.0,Bike,,
2023-09-24 03:38:00,361,47.394554,8.522117,Dorfstrasse,Dorfstrasse 40,8037,Zürich,True,13,Active,6,Zürich,1830.0,101291,,1.0,Bike,,
2023-09-24 03:38:00,361,47.394554,8.522117,Dorfstrasse,Dorfstrasse 40,8037,Zürich,True,13,Active,6,Zürich,4839.0,500564,54.0,2.0,E-Bike,,
2023-09-24 03:38:00,628,46.00627672,8.94272889,Besso,via Besso 23,6900,Lugano,True,80,Active,3,Sottoceneri (TI),5562.0,104882,,1.0,Bike,,
2023-09-24 03:38:00,628,46.00627672,8.94272889,Besso,via Besso 23,6900,Lugano,True,80,Active,3,Sottoceneri (TI),5034.0,502863,60.0,2.0,E-Bike,,
2023-09-24 03:38:00,628,46.00627672,8.94272889,Besso,via Besso 23,6900,Lugano,True,80,Active,3,Sottoceneri (TI),1290.0,101085,,1.0,Bike,,
2023-09-24 03:38:00,628,46.00627672,8.94272889,Besso,via Besso 23,6900,Lugano,True,80,Active,3,Sottoceneri (TI),1796.0,500911,43.0,2.0,E-Bike,,
2023-09-24 03:38:00,628,46.00627672,8.94272889,Besso,via Besso 23,6900,Lugano,True,80,Active,3,Sottoceneri (TI),4217.0,501538,72.0,2.0,E-Bike,,
2023-09-24 03:38:00,628,46.00627672,8.94272889,Besso,via Besso 23,6900,Lugano,True,80,Active,3,Sottoceneri (TI),5402.0,503691,64.0,2.0,E-Bike,,
2023-09-24 03:38:00,628,46.00627672,8.94272889,Besso,via Besso 23,6900,Lugano,True,80,Active,3,Sottoceneri (TI),5437.0,104526,,1.0,Bike,,
2023-09-24 03:38:00,628,46.00627672,8.94272889,Besso,via Besso 23,6900,Lugano,True,80,Active,3,Sottoceneri (TI),4191.0,101926,,1.0,Bike,,
2023-09-24 03:38:00,628,46.00627672,8.94272889,Besso,via Besso 23,6900,Lugano,True,80,Active,3,Sottoceneri (TI),4110.0,502195,79.0,2.0,E-Bike,,
2023-09-24 03:38:00,626,46.55095610567505,6.57306649851556,Oassis,Chemin des Lentillières 15,1023,Crissier,True,19,Active (empty),2,Lausanne-Morges,,,,,,28.0,Sponsor 28
2023-09-24 03:38:00,286,47.3985553,8.493822,Tüffenwies,Meierwiesenstrasse 12-4,8064,Zürich,True,26,Active,6,Zürich,1514.0,101569,,1.0,Bike,,
2023-09-24 03:38:00,286,47.3985553,8.493822,Tüffenwies,Meierwiesenstrasse 12-4,8064,Zürich,True,26,Active,6,Zürich,3949.0,500851,83.0,2.0,E-Bike,,
2023-09-24 03:38:00,286,47.3985553,8.493822,Tüffenwies,Meierwiesenstrasse 12-4,8064,Zürich,True,26,Active,6,Zürich,909.0,503733,21.0,2.0,E-Bike,,
2023-09-24 03:38:00,286,47.3985553,8.493822,Tüffenwies,Meierwiesenstrasse 12-4,8064,Zürich,True,26,Active,6,Zürich,2434.0,102572,,1.0,Bike,,
2023-09-24 03:38:00,286,47.3985553,8.493822,Tüffenwies,Meierwiesenstrasse 12-4,8064,Zürich,True,26,Active,6,Zürich,2459.0,102594,,1.0,Bike,,
2023-09-24 03:38:00,275,47.394007,8.542036,Pauluskirche,Milchbuckstrasse 52,8057,Zürich,True,22,Active,6,Zürich,4407.0,503290,24.0,2.0,E-Bike,,
2023-09-24 03:38:00,293,46.9465196,7.4481457,Casinoplatz,Casinoplatz 3,3011,Bern,True,80,Active (empty),5,Bern,,,,,,,
2023-09-24 03:38:00,314,46.9450822,7.4324521,Haslerstrasse,Haslerstrasse 4,3008,Bern,True,10,Active,5,Bern,1459.0,101611,,1.0,Bike,,
2023-09-24 03:38:00,314,46.9450822,7.4324521,Haslerstrasse,Haslerstrasse 4,3008,Bern,True,10,Active,5,Bern,3572.0,102251,,1.0,Bike,,
2023-09-24 03:38:00,314,46.9450822,7.4324521,Haslerstrasse,Haslerstrasse 4,3008,Bern,True,10,Active,5,Bern,3729.0,104166,,1.0,Bike,,
2023-09-24 03:38:00,314,46.9450822,7.4324521,Haslerstrasse,Haslerstrasse 4,3008,Bern,True,10,Active,5,Bern,3207.0,102789,,1.0,Bike,,
2023-09-24 03:38:00,314,46.9450822,7.4324521,Haslerstrasse,Haslerstrasse 4,3008,Bern,True,10,Active,5,Bern,4524.0,104275,,1.0,Bike,,
2023-09-24 03:38:00,314,46.9450822,7.4324521,Haslerstrasse,Haslerstrasse 4,3008,Bern,True,10,Active,5,Bern,3176.0,102765,,1.0,Bike,,
2023-09-24 03:38:00,314,46.9450822,7.4324521,Haslerstrasse,Haslerstrasse 4,3008,Bern,True,10,Active,5,Bern,3994.0,103327,,1.0,Bike,,
2023-09-24 03:38:00,314,46.9450822,7.4324521,Haslerstrasse,Haslerstrasse 4,3008,Bern,True,10,Active,5,Bern,3996.0,103293,,1.0,Bike,,
2023-09-24 03:38:00,314,46.9450822,7.4324521,Haslerstrasse,Haslerstrasse 4,3008,Bern,True,10,Active,5,Bern,1052.0,103388,,1.0,Bike,,
2023-09-24 03:38:00,314,46.9450822,7.4324521,Haslerstrasse,Haslerstrasse 4,3008,Bern,True,10,Active,5,Bern,2555.0,101836,,1.0,Bike,,
2023-09-24 03:38:00,314,46.9450822,7.4324521,Haslerstrasse,Haslerstrasse 4,3008,Bern,True,10,Active,5,Bern,3889.0,103250,,1.0,Bike,,
2023-09-24 03:38:00,314,46.9450822,7.4324521,Haslerstrasse,Haslerstrasse 4,3008,Bern,True,10,Active,5,Bern,1458.0,800001,,1.0,Bike,,
2023-09-24 03:38:00,314,46.9450822,7.4324521,Haslerstrasse,Haslerstrasse 4,3008,Bern,True,10,Active,5,Bern,1125.0,102065,,1.0,Bike,,
2023-09-24 03:38:00,314,46.9450822,7.4324521,Haslerstrasse,Haslerstrasse 4,3008,Bern,True,10,Active,5,Bern,2335.0,102495,,1.0,Bike,,
2023-09-24 03:38:00,314,46.9450822,7.4324521,Haslerstrasse,Haslerstrasse 4,3008,Bern,True,10,Active,5,Bern,3713.0,103114,,1.0,Bike,,
2023-09-24 03:38:00,314,46.9450822,7.4324521,Haslerstrasse,Haslerstrasse 4,3008,Bern,True,10,Active,5,Bern,1135.0,101316,,1.0,Bike,,
2023-09-24 03:38:00,314,46.9450822,7.4324521,Haslerstrasse,Haslerstrasse 4,3008,Bern,True,10,Active,5,Bern,4092.0,500617,69.0,2.0,E-Bike,,
2023-09-24 03:38:00,584,46.006076,8.966775,Lanchetta,via delle Scuole,6900,Lugano,True,32,Active,3,Sottoceneri (TI),5139.0,104035,,1.0,Bike,,
2023-09-24 03:38:00,584,46.006076,8.966775,Lanchetta,via delle Scuole,6900,Lugano,True,32,Active,3,Sottoceneri (TI),1313.0,100474,86.0,2.0,E-Bike,,
2023-09-24 03:38:00,584,46.006076,8.966775,Lanchetta,via delle Scuole,6900,Lugano,True,32,Active,3,Sottoceneri (TI),5580.0,105165,,1.0,Bike,,
2023-09-24 03:38:00,584,46.006076,8.966775,Lanchetta,via delle Scuole,6900,Lugano,True,32,Active,3,Sottoceneri (TI),5559.0,105169,,1.0,Bike,,
2023-09-24 03:38:00,584,46.006076,8.966775,Lanchetta,via delle Scuole,6900,Lugano,True,32,Active,3,Sottoceneri (TI),4054.0,102946,,1.0,Bike,,
2023-09-24 03:38:00,584,46.006076,8.966775,Lanchetta,via delle Scuole,6900,Lugano,True,32,Active,3,Sottoceneri (TI),5631.0,102593,,1.0,Bike,,
2023-09-24 03:38:00,584,46.006076,8.966775,Lanchetta,via delle Scuole,6900,Lugano,True,32,Active,3,Sottoceneri (TI),5111.0,104052,,1.0,Bike,,
2023-09-24 03:38:00,584,46.006076,8.966775,Lanchetta,via delle Scuole,6900,Lugano,True,32,Active,3,Sottoceneri (TI),1753.0,101738,,1.0,Bike,,
2023-09-24 03:38:00,584,46.006076,8.966775,Lanchetta,via delle Scuole,6900,Lugano,True,32,Active,3,Sottoceneri (TI),5122.0,104049,,1.0,Bike,,
2023-09-24 03:38:00,530,47.40462,8.60465,Zwicky-Areal,Seidenplatz 3,8304,Wallisellen,True,18,Active,6,Zürich,819.0,503685,54.0,2.0,E-Bike,,
2023-09-24 03:38:00,530,47.40462,8.60465,Zwicky-Areal,Seidenplatz 3,8304,Wallisellen,True,18,Active,6,Zürich,4704.0,500709,35.0,2.0,E-Bike,,
2023-09-24 03:38:00,530,47.40462,8.60465,Zwicky-Areal,Seidenplatz 3,8304,Wallisellen,True,18,Active,6,Zürich,696.0,500148,35.0,2.0,E-Bike,,
2023-09-24 03:38:00,384,47.378556,8.520168,Hermann-Greulich-Strasse,Herman-Greulich-Strasse 56,8004,Zürich,True,19,Active,6,Zürich,4740.0,104023,,1.0,Bike,,
2023-09-24 03:38:00,384,47.378556,8.520168,Hermann-Greulich-Strasse,Herman-Greulich-Strasse 56,8004,Zürich,True,19,Active,6,Zürich,3298.0,102910,,1.0,Bike,,
2023-09-24 03:38:00,804,46.979405440906326,7.457189997936046,Worblaufen RBS Bahnhof,Tiefenaustrasse 2,3048,Ittigen,True,80,Active,5,Bern,2106.0,101820,,1.0,Bike,,
2023-09-24 03:38:00,804,46.979405440906326,7.457189997936046,Worblaufen RBS Bahnhof,Tiefenaustrasse 2,3048,Ittigen,True,80,Active,5,Bern,1182.0,500392,36.0,2.0,E-Bike,,
2023-09-24 03:38:00,804,46.979405440906326,7.457189997936046,Worblaufen RBS Bahnhof,Tiefenaustrasse 2,3048,Ittigen,True,80,Active,5,Bern,1387.0,501969,19.0,2.0,E-Bike,,
2023-09-24 03:38:00,804,46.979405440906326,7.457189997936046,Worblaufen RBS Bahnhof,Tiefenaustrasse 2,3048,Ittigen,True,80,Active,5,Bern,4534.0,102297,,1.0,Bike,,
2023-09-24 03:38:00,804,46.979405440906326,7.457189997936046,Worblaufen RBS Bahnhof,Tiefenaustrasse 2,3048,Ittigen,True,80,Active,5,Bern,1003.0,101540,,1.0,Bike,,
2023-09-24 03:38:00,804,46.979405440906326,7.457189997936046,Worblaufen RBS Bahnhof,Tiefenaustrasse 2,3048,Ittigen,True,80,Active,5,Bern,1119.0,101355,,1.0,Bike,,
2023-09-24 03:38:00,804,46.979405440906326,7.457189997936046,Worblaufen RBS Bahnhof,Tiefenaustrasse 2,3048,Ittigen,True,80,Active,5,Bern,2374.0,102527,,1.0,Bike,,
2023-09-24 03:38:00,804,46.979405440906326,7.457189997936046,Worblaufen RBS Bahnhof,Tiefenaustrasse 2,3048,Ittigen,True,80,Active,5,Bern,1274.0,500439,59.0,2.0,E-Bike,,
2023-09-24 03:38:00,804,46.979405440906326,7.457189997936046,Worblaufen RBS Bahnhof,Tiefenaustrasse 2,3048,Ittigen,True,80,Active,5,Bern,2543.0,102239,,1.0,Bike,,
2023-09-24 03:38:00,804,46.979405440906326,7.457189997936046,Worblaufen RBS Bahnhof,Tiefenaustrasse 2,3048,Ittigen,True,80,Active,5,Bern,1409.0,501741,10.0,2.0,E-Bike,,
2023-09-24 03:38:00,804,46.979405440906326,7.457189997936046,Worblaufen RBS Bahnhof,Tiefenaustrasse 2,3048,Ittigen,True,80,Active,5,Bern,4570.0,104092,,1.0,Bike,,
2023-09-24 03:38:00,804,46.979405440906326,7.457189997936046,Worblaufen RBS Bahnhof,Tiefenaustrasse 2,3048,Ittigen,True,80,Active,5,Bern,3452.0,502266,36.0,2.0,E-Bike,,
2023-09-24 03:38:00,357,47.370141,8.527298,Hallwylstrasse,Hallwylstrasse 71,8004,Zürich,True,18,Active,6,Zürich,1522.0,101636,,1.0,Bike,,
2023-09-24 03:38:00,357,47.370141,8.527298,Hallwylstrasse,Hallwylstrasse 71,8004,Zürich,True,18,Active,6,Zürich,2482.0,104508,,1.0,Bike,,
2023-09-24 03:38:00,357,47.370141,8.527298,Hallwylstrasse,Hallwylstrasse 71,8004,Zürich,True,18,Active,6,Zürich,3123.0,102841,,1.0,Bike,,
2023-09-24 03:38:00,152,47.389823,8.49163,Luggweg,Luggwegstrasse 2,8048,Zürich,True,26,Active,6,Zürich,4767.0,500503,17.0,2.0,E-Bike,,
2023-09-24 03:38:00,152,47.389823,8.49163,Luggweg,Luggwegstrasse 2,8048,Zürich,True,26,Active,6,Zürich,3396.0,503738,17.0,2.0,E-Bike,,
2023-09-24 03:38:00,152,47.389823,8.49163,Luggweg,Luggwegstrasse 2,8048,Zürich,True,26,Active,6,Zürich,762.0,500161,60.0,2.0,E-Bike,,
2023-09-24 03:38:00,152,47.389823,8.49163,Luggweg,Luggwegstrasse 2,8048,Zürich,True,26,Active,6,Zürich,775.0,500256,41.0,2.0,E-Bike,,
2023-09-24 03:38:00,152,47.389823,8.49163,Luggweg,Luggwegstrasse 2,8048,Zürich,True,26,Active,6,Zürich,3843.0,103183,,1.0,Bike,,
2023-09-24 03:38:00,213,46.9503428,7.435298,UniS,Schanzeneckstrasse 1,3012,Bern,True,13,Active,5,Bern,4356.0,503224,19.0,2.0,E-Bike,,
2023-09-24 03:38:00,450,47.350578,8.560587,Bahnhof Tiefenbrunnen,Bellerivestrasse 245,8008,Zürich,True,19,Active,6,Zürich,1561.0,501666,14.0,2.0,E-Bike,,
2023-09-24 03:38:00,450,47.350578,8.560587,Bahnhof Tiefenbrunnen,Bellerivestrasse 245,8008,Zürich,True,19,Active,6,Zürich,3833.0,103226,,1.0,Bike,,
2023-09-24 03:38:00,450,47.350578,8.560587,Bahnhof Tiefenbrunnen,Bellerivestrasse 245,8008,Zürich,True,19,Active,6,Zürich,735.0,500151,63.0,2.0,E-Bike,,
2023-09-24 03:38:00,450,47.350578,8.560587,Bahnhof Tiefenbrunnen,Bellerivestrasse 245,8008,Zürich,True,19,Active,6,Zürich,782.0,500156,21.0,2.0,E-Bike,,
2023-09-24 03:38:00,450,47.350578,8.560587,Bahnhof Tiefenbrunnen,Bellerivestrasse 245,8008,Zürich,True,19,Active,6,Zürich,3648.0,103026,,1.0,Bike,,
2023-09-24 03:38:00,450,47.350578,8.560587,Bahnhof Tiefenbrunnen,Bellerivestrasse 245,8008,Zürich,True,19,Active,6,Zürich,4866.0,500592,45.0,2.0,E-Bike,,
2023-09-24 03:38:00,450,47.350578,8.560587,Bahnhof Tiefenbrunnen,Bellerivestrasse 245,8008,Zürich,True,19,Active,6,Zürich,833.0,500228,35.0,2.0,E-Bike,,
2023-09-24 03:38:00,450,47.350578,8.560587,Bahnhof Tiefenbrunnen,Bellerivestrasse 245,8008,Zürich,True,19,Active,6,Zürich,3932.0,103274,,1.0,Bike,,
2023-09-24 03:38:00,450,47.350578,8.560587,Bahnhof Tiefenbrunnen,Bellerivestrasse 245,8008,Zürich,True,19,Active,6,Zürich,3680.0,103093,,1.0,Bike,,
2023-09-24 03:38:00,450,47.350578,8.560587,Bahnhof Tiefenbrunnen,Bellerivestrasse 245,8008,Zürich,True,19,Active,6,Zürich,1517.0,101633,,1.0,Bike,,
2023-09-24 03:38:00,450,47.350578,8.560587,Bahnhof Tiefenbrunnen,Bellerivestrasse 245,8008,Zürich,True,19,Active,6,Zürich,768.0,500163,43.0,2.0,E-Bike,,
2023-09-24 03:38:00,450,47.350578,8.560587,Bahnhof Tiefenbrunnen,Bellerivestrasse 245,8008,Zürich,True,19,Active,6,Zürich,3916.0,103280,,1.0,Bike,,
2023-09-24 03:38:00,450,47.350578,8.560587,Bahnhof Tiefenbrunnen,Bellerivestrasse 245,8008,Zürich,True,19,Active,6,Zürich,542.0,101168,,1.0,Bike,,
2023-09-24 03:38:00,450,47.350578,8.560587,Bahnhof Tiefenbrunnen,Bellerivestrasse 245,8008,Zürich,True,19,Active,6,Zürich,2902.0,102666,,1.0,Bike,,
2023-09-24 03:38:00,450,47.350578,8.560587,Bahnhof Tiefenbrunnen,Bellerivestrasse 245,8008,Zürich,True,19,Active,6,Zürich,3036.0,102803,,1.0,Bike,,
2023-09-24 03:38:00,450,47.350578,8.560587,Bahnhof Tiefenbrunnen,Bellerivestrasse 245,8008,Zürich,True,19,Active,6,Zürich,608.0,101424,,1.0,Bike,,
2023-09-24 03:38:00,450,47.350578,8.560587,Bahnhof Tiefenbrunnen,Bellerivestrasse 245,8008,Zürich,True,19,Active,6,Zürich,2407.0,102531,,1.0,Bike,,
2023-09-24 03:38:00,450,47.350578,8.560587,Bahnhof Tiefenbrunnen,Bellerivestrasse 245,8008,Zürich,True,19,Active,6,Zürich,3827.0,103211,,1.0,Bike,,
2023-09-24 03:38:00,450,47.350578,8.560587,Bahnhof Tiefenbrunnen,Bellerivestrasse 245,8008,Zürich,True,19,Active,6,Zürich,3938.0,103290,,1.0,Bike,,
2023-09-24 03:38:00,450,47.350578,8.560587,Bahnhof Tiefenbrunnen,Bellerivestrasse 245,8008,Zürich,True,19,Active,6,Zürich,860.0,500199,47.0,2.0,E-Bike,,
2023-09-24 03:38:00,450,47.350578,8.560587,Bahnhof Tiefenbrunnen,Bellerivestrasse 245,8008,Zürich,True,19,Active,6,Zürich,2879.0,102665,,1.0,Bike,,
2023-09-24 03:38:00,450,47.350578,8.560587,Bahnhof Tiefenbrunnen,Bellerivestrasse 245,8008,Zürich,True,19,Active,6,Zürich,4632.0,503101,46.0,2.0,E-Bike,,
2023-09-24 03:38:00,450,47.350578,8.560587,Bahnhof Tiefenbrunnen,Bellerivestrasse 245,8008,Zürich,True,19,Active,6,Zürich,3837.0,103219,,1.0,Bike,,
2023-09-24 03:38:00,450,47.350578,8.560587,Bahnhof Tiefenbrunnen,Bellerivestrasse 245,8008,Zürich,True,19,Active,6,Zürich,591.0,101200,,1.0,Bike,,
2023-09-24 03:38:00,450,47.350578,8.560587,Bahnhof Tiefenbrunnen,Bellerivestrasse 245,8008,Zürich,True,19,Active,6,Zürich,2221.0,101793,,1.0,Bike,,
2023-09-24 03:38:00,450,47.350578,8.560587,Bahnhof Tiefenbrunnen,Bellerivestrasse 245,8008,Zürich,True,19,Active,6,Zürich,3054.0,102802,,1.0,Bike,,
2023-09-24 03:38:00,450,47.350578,8.560587,Bahnhof Tiefenbrunnen,Bellerivestrasse 245,8008,Zürich,True,19,Active,6,Zürich,3111.0,102844,,1.0,Bike,,
2023-09-24 03:38:00,450,47.350578,8.560587,Bahnhof Tiefenbrunnen,Bellerivestrasse 245,8008,Zürich,True,19,Active,6,Zürich,2468.0,102610,,1.0,Bike,,
2023-09-24 03:38:00,450,47.350578,8.560587,Bahnhof Tiefenbrunnen,Bellerivestrasse 245,8008,Zürich,True,19,Active,6,Zürich,3303.0,102888,,1.0,Bike,,
2023-09-24 03:38:00,247,46.020356,8.916114,Bioggio Via Industria,Via Industria 31,6934,Bioggio,True,80,Active,3,Sottoceneri (TI),132.0,100256,83.0,2.0,E-Bike,,
2023-09-24 03:38:00,247,46.020356,8.916114,Bioggio Via Industria,Via Industria 31,6934,Bioggio,True,80,Active,3,Sottoceneri (TI),184.0,100262,89.0,2.0,E-Bike,,
2023-09-24 03:38:00,609,46.42391,6.26546,"Gland, Grand'Rue",Grand-Rue 38,1196,Gland,True,21,Active,9,Région de Nyon,1687.0,501697,15.0,2.0,E-Bike,,
2023-09-24 03:38:00,609,46.42391,6.26546,"Gland, Grand'Rue",Grand-Rue 38,1196,Gland,True,21,Active,9,Région de Nyon,4233.0,501502,23.0,2.0,E-Bike,,
2023-09-24 03:38:00,609,46.42391,6.26546,"Gland, Grand'Rue",Grand-Rue 38,1196,Gland,True,21,Active,9,Région de Nyon,5169.0,502904,59.0,2.0,E-Bike,,
2023-09-24 03:38:00,609,46.42391,6.26546,"Gland, Grand'Rue",Grand-Rue 38,1196,Gland,True,21,Active,9,Région de Nyon,5653.0,502925,50.0,2.0,E-Bike,,
2023-09-24 03:38:00,609,46.42391,6.26546,"Gland, Grand'Rue",Grand-Rue 38,1196,Gland,True,21,Active,9,Région de Nyon,5190.0,502923,28.0,2.0,E-Bike,,
2023-09-24 03:38:00,609,46.42391,6.26546,"Gland, Grand'Rue",Grand-Rue 38,1196,Gland,True,21,Active,9,Région de Nyon,1707.0,501637,53.0,2.0,E-Bike,,
2023-09-24 03:38:00,292,46.946604,7.441624,Bundesgasse,Bundesgasse 3,3011,Bern,True,19,Active (empty),5,Bern,,,,,,,
2023-09-24 03:38:00,26,46.521668,6.581345,Unil Centre,Unicentre,1015,Ecublens,True,24,Active,2,Lausanne-Morges,445.0,101031,,1.0,Bike,6.0,Sponsor 06
2023-09-24 03:38:00,26,46.521668,6.581345,Unil Centre,Unicentre,1015,Ecublens,True,24,Active,2,Lausanne-Morges,6039.0,104991,,1.0,Bike,6.0,Sponsor 06
2023-09-24 03:38:00,26,46.521668,6.581345,Unil Centre,Unicentre,1015,Ecublens,True,24,Active,2,Lausanne-Morges,6109.0,104759,,1.0,Bike,6.0,Sponsor 06
2023-09-24 03:38:00,175,46.9393577,7.3863865,Statthalterstrasse,Freieckweg 2,3018,Bern,True,6,Active,5,Bern,3731.0,103088,,1.0,Bike,,
2023-09-24 03:38:00,175,46.9393577,7.3863865,Statthalterstrasse,Freieckweg 2,3018,Bern,True,6,Active,5,Bern,6031.0,503845,36.0,2.0,E-Bike,,
2023-09-24 03:38:00,175,46.9393577,7.3863865,Statthalterstrasse,Freieckweg 2,3018,Bern,True,6,Active,5,Bern,1105.0,500437,22.0,2.0,E-Bike,,
2023-09-24 03:38:00,581,46.514554,6.619263,Vaudoise Assurances,Avenue de Cour 43,1007,Lausanne,True,21,Active,2,Lausanne-Morges,1958.0,101703,,1.0,Bike,24.0,Sponsor 24
2023-09-24 03:38:00,581,46.514554,6.619263,Vaudoise Assurances,Avenue de Cour 43,1007,Lausanne,True,21,Active,2,Lausanne-Morges,5086.0,502899,58.0,2.0,E-Bike,24.0,Sponsor 24
2023-09-24 03:38:00,581,46.514554,6.619263,Vaudoise Assurances,Avenue de Cour 43,1007,Lausanne,True,21,Active,2,Lausanne-Morges,2061.0,104632,,1.0,Bike,24.0,Sponsor 24
2023-09-24 03:38:00,581,46.514554,6.619263,Vaudoise Assurances,Avenue de Cour 43,1007,Lausanne,True,21,Active,2,Lausanne-Morges,2050.0,101059,,1.0,Bike,24.0,Sponsor 24
2023-09-24 03:38:00,581,46.514554,6.619263,Vaudoise Assurances,Avenue de Cour 43,1007,Lausanne,True,21,Active,2,Lausanne-Morges,2038.0,104640,,1.0,Bike,24.0,Sponsor 24
2023-09-24 03:38:00,581,46.514554,6.619263,Vaudoise Assurances,Avenue de Cour 43,1007,Lausanne,True,21,Active,2,Lausanne-Morges,109.0,104531,,1.0,Bike,24.0,Sponsor 24
2023-09-24 03:38:00,581,46.514554,6.619263,Vaudoise Assurances,Avenue de Cour 43,1007,Lausanne,True,21,Active,2,Lausanne-Morges,417.0,104738,,1.0,Bike,24.0,Sponsor 24
2023-09-24 03:38:00,581,46.514554,6.619263,Vaudoise Assurances,Avenue de Cour 43,1007,Lausanne,True,21,Active,2,Lausanne-Morges,6101.0,105086,,1.0,Bike,24.0,Sponsor 24
2023-09-24 03:38:00,581,46.514554,6.619263,Vaudoise Assurances,Avenue de Cour 43,1007,Lausanne,True,21,Active,2,Lausanne-Morges,6057.0,104992,,1.0,Bike,24.0,Sponsor 24
2023-09-24 03:38:00,581,46.514554,6.619263,Vaudoise Assurances,Avenue de Cour 43,1007,Lausanne,True,21,Active,2,Lausanne-Morges,2084.0,101130,,1.0,Bike,24.0,Sponsor 24
2023-09-24 03:38:00,27,46.50225151684113,6.48110823288,Medtronic,Route du Molliau 31,1131,Tolochenaz,True,24,Active,2,Lausanne-Morges,5905.0,504180,53.0,2.0,E-Bike,7.0,Sponsor 07
2023-09-24 03:38:00,353,46.94831,7.44035,Bahnhofplatz Mobile Station Bern 4,Spitalgasse 44,3011,Bern,True,80,Active,5,Bern,3465.0,502157,89.0,2.0,E-Bike,,
2023-09-24 03:38:00,353,46.94831,7.44035,Bahnhofplatz Mobile Station Bern 4,Spitalgasse 44,3011,Bern,True,80,Active,5,Bern,1386.0,501887,89.0,2.0,E-Bike,,
2023-09-24 03:38:00,353,46.94831,7.44035,Bahnhofplatz Mobile Station Bern 4,Spitalgasse 44,3011,Bern,True,80,Active,5,Bern,3136.0,102201,,1.0,Bike,,
2023-09-24 03:38:00,806,46.544314905605354,6.586897691005923,Baumettes,Av. des Baumettes 9,1020,Renens,True,14,Active,2,Lausanne-Morges,5987.0,504222,,2.0,E-Bike,1.0,Sponsor 01
2023-09-24 03:38:00,806,46.544314905605354,6.586897691005923,Baumettes,Av. des Baumettes 9,1020,Renens,True,14,Active,2,Lausanne-Morges,342.0,503513,23.0,2.0,E-Bike,1.0,Sponsor 01
2023-09-24 03:38:00,554,46.95251,7.467399,Ostermundigerstrasse,Ostermundigenstrasse 36,3006,Bern,True,26,Active,5,Bern,2308.0,102471,,1.0,Bike,,
2023-09-24 03:38:00,554,46.95251,7.467399,Ostermundigerstrasse,Ostermundigenstrasse 36,3006,Bern,True,26,Active,5,Bern,1111.0,500458,82.0,2.0,E-Bike,,
2023-09-24 03:38:00,554,46.95251,7.467399,Ostermundigerstrasse,Ostermundigenstrasse 36,3006,Bern,True,26,Active,5,Bern,2248.0,504462,12.0,2.0,E-Bike,,
2023-09-24 03:38:00,554,46.95251,7.467399,Ostermundigerstrasse,Ostermundigenstrasse 36,3006,Bern,True,26,Active,5,Bern,4161.0,503510,31.0,2.0,E-Bike,,
2023-09-24 03:38:00,554,46.95251,7.467399,Ostermundigerstrasse,Ostermundigenstrasse 36,3006,Bern,True,26,Active,5,Bern,4747.0,500739,22.0,2.0,E-Bike,,
2023-09-24 03:38:00,554,46.95251,7.467399,Ostermundigerstrasse,Ostermundigenstrasse 36,3006,Bern,True,26,Active,5,Bern,4752.0,500735,11.0,2.0,E-Bike,,
2023-09-24 03:38:00,554,46.95251,7.467399,Ostermundigerstrasse,Ostermundigenstrasse 36,3006,Bern,True,26,Active,5,Bern,1046.0,500421,10.0,2.0,E-Bike,,
2023-09-24 03:38:00,554,46.95251,7.467399,Ostermundigerstrasse,Ostermundigenstrasse 36,3006,Bern,True,26,Active,5,Bern,1173.0,500380,62.0,2.0,E-Bike,,
2023-09-24 03:38:00,554,46.95251,7.467399,Ostermundigerstrasse,Ostermundigenstrasse 36,3006,Bern,True,26,Active,5,Bern,1438.0,501760,92.0,2.0,E-Bike,,
2023-09-24 03:38:00,554,46.95251,7.467399,Ostermundigerstrasse,Ostermundigenstrasse 36,3006,Bern,True,26,Active,5,Bern,2511.0,501603,37.0,2.0,E-Bike,,
2023-09-24 03:38:00,554,46.95251,7.467399,Ostermundigerstrasse,Ostermundigenstrasse 36,3006,Bern,True,26,Active,5,Bern,1169.0,503495,11.0,2.0,E-Bike,,
2023-09-24 03:38:00,726,46.9647833374251,7.4484037810233445,Wylergut,Dändlikerweg 48,3013,Bern,True,80,Active,5,Bern,4001.0,800007,,1.0,Bike,,
2023-09-24 03:38:00,726,46.9647833374251,7.4484037810233445,Wylergut,Dändlikerweg 48,3013,Bern,True,80,Active,5,Bern,1655.0,501340,71.0,2.0,E-Bike,,
2023-09-24 03:38:00,726,46.9647833374251,7.4484037810233445,Wylergut,Dändlikerweg 48,3013,Bern,True,80,Active,5,Bern,2012.0,501918,63.0,2.0,E-Bike,,
2023-09-24 03:38:00,726,46.9647833374251,7.4484037810233445,Wylergut,Dändlikerweg 48,3013,Bern,True,80,Active,5,Bern,2991.0,102175,,1.0,Bike,,
2023-09-24 03:38:00,726,46.9647833374251,7.4484037810233445,Wylergut,Dändlikerweg 48,3013,Bern,True,80,Active,5,Bern,1504.0,102253,,1.0,Bike,,
2023-09-24 03:38:00,726,46.9647833374251,7.4484037810233445,Wylergut,Dändlikerweg 48,3013,Bern,True,80,Active,5,Bern,4568.0,104094,,1.0,Bike,,
2023-09-24 03:38:00,726,46.9647833374251,7.4484037810233445,Wylergut,Dändlikerweg 48,3013,Bern,True,80,Active,5,Bern,3440.0,502268,25.0,2.0,E-Bike,,
2023-09-24 03:38:00,726,46.9647833374251,7.4484037810233445,Wylergut,Dändlikerweg 48,3013,Bern,True,80,Active,5,Bern,2311.0,102470,,1.0,Bike,,
2023-09-24 03:38:00,726,46.9647833374251,7.4484037810233445,Wylergut,Dändlikerweg 48,3013,Bern,True,80,Active,5,Bern,4587.0,104080,,1.0,Bike,,
2023-09-24 03:38:00,726,46.9647833374251,7.4484037810233445,Wylergut,Dändlikerweg 48,3013,Bern,True,80,Active,5,Bern,4576.0,104003,,1.0,Bike,,
2023-09-24 03:38:00,726,46.9647833374251,7.4484037810233445,Wylergut,Dändlikerweg 48,3013,Bern,True,80,Active,5,Bern,4159.0,500900,77.0,2.0,E-Bike,,
2023-09-24 03:38:00,726,46.9647833374251,7.4484037810233445,Wylergut,Dändlikerweg 48,3013,Bern,True,80,Active,5,Bern,1423.0,501744,83.0,2.0,E-Bike,,
2023-09-24 03:38:00,784,45.8474329,9.0342084,"Vacallo, Piazza Municipio",Via Giacomo Puccini,6838,Vacallo,True,24,Active,3,Sottoceneri (TI),1765.0,101733,,1.0,Bike,,
2023-09-24 03:38:00,784,45.8474329,9.0342084,"Vacallo, Piazza Municipio",Via Giacomo Puccini,6838,Vacallo,True,24,Active,3,Sottoceneri (TI),5582.0,105166,,1.0,Bike,,
2023-09-24 03:38:00,784,45.8474329,9.0342084,"Vacallo, Piazza Municipio",Via Giacomo Puccini,6838,Vacallo,True,24,Active,3,Sottoceneri (TI),5533.0,503633,34.0,2.0,E-Bike,,
2023-09-24 03:38:00,141,47.366752,8.544935,Bellevue,Bellevueplatz 2,8001,Zürich,True,64,Active,6,Zürich,3826.0,103205,,1.0,Bike,,
2023-09-24 03:38:00,141,47.366752,8.544935,Bellevue,Bellevueplatz 2,8001,Zürich,True,64,Active,6,Zürich,2907.0,102231,,1.0,Bike,,
2023-09-24 03:38:00,141,47.366752,8.544935,Bellevue,Bellevueplatz 2,8001,Zürich,True,64,Active,6,Zürich,4792.0,500701,12.0,2.0,E-Bike,,
2023-09-24 03:38:00,141,47.366752,8.544935,Bellevue,Bellevueplatz 2,8001,Zürich,True,64,Active,6,Zürich,3931.0,102069,,1.0,Bike,,
2023-09-24 03:38:00,141,47.366752,8.544935,Bellevue,Bellevueplatz 2,8001,Zürich,True,64,Active,6,Zürich,2417.0,102559,,1.0,Bike,,
2023-09-24 03:38:00,141,47.366752,8.544935,Bellevue,Bellevueplatz 2,8001,Zürich,True,64,Active,6,Zürich,3753.0,103130,,1.0,Bike,,
2023-09-24 03:38:00,141,47.366752,8.544935,Bellevue,Bellevueplatz 2,8001,Zürich,True,64,Active,6,Zürich,598.0,101376,,1.0,Bike,,
2023-09-24 03:38:00,141,47.366752,8.544935,Bellevue,Bellevueplatz 2,8001,Zürich,True,64,Active,6,Zürich,2620.0,501396,23.0,2.0,E-Bike,,
2023-09-24 03:38:00,141,47.366752,8.544935,Bellevue,Bellevueplatz 2,8001,Zürich,True,64,Active,6,Zürich,3404.0,503546,37.0,2.0,E-Bike,,
2023-09-24 03:38:00,141,47.366752,8.544935,Bellevue,Bellevueplatz 2,8001,Zürich,True,64,Active,6,Zürich,504.0,102280,,1.0,Bike,,
2023-09-24 03:38:00,141,47.366752,8.544935,Bellevue,Bellevueplatz 2,8001,Zürich,True,64,Active,6,Zürich,3944.0,103278,,1.0,Bike,,
2023-09-24 03:38:00,141,47.366752,8.544935,Bellevue,Bellevueplatz 2,8001,Zürich,True,64,Active,6,Zürich,2396.0,102536,,1.0,Bike,,
2023-09-24 03:38:00,141,47.366752,8.544935,Bellevue,Bellevueplatz 2,8001,Zürich,True,64,Active,6,Zürich,4422.0,503273,20.0,2.0,E-Bike,,
2023-09-24 03:38:00,141,47.366752,8.544935,Bellevue,Bellevueplatz 2,8001,Zürich,True,64,Active,6,Zürich,1543.0,503600,19.0,2.0,E-Bike,,
2023-09-24 03:38:00,141,47.366752,8.544935,Bellevue,Bellevueplatz 2,8001,Zürich,True,64,Active,6,Zürich,3934.0,103276,,1.0,Bike,,
2023-09-24 03:38:00,141,47.366752,8.544935,Bellevue,Bellevueplatz 2,8001,Zürich,True,64,Active,6,Zürich,1155.0,101301,,1.0,Bike,,
2023-09-24 03:38:00,141,47.366752,8.544935,Bellevue,Bellevueplatz 2,8001,Zürich,True,64,Active,6,Zürich,3245.0,102878,,1.0,Bike,,
2023-09-24 03:38:00,141,47.366752,8.544935,Bellevue,Bellevueplatz 2,8001,Zürich,True,64,Active,6,Zürich,1548.0,501809,14.0,2.0,E-Bike,,
2023-09-24 03:38:00,141,47.366752,8.544935,Bellevue,Bellevueplatz 2,8001,Zürich,True,64,Active,6,Zürich,3045.0,102805,,1.0,Bike,,
2023-09-24 03:38:00,141,47.366752,8.544935,Bellevue,Bellevueplatz 2,8001,Zürich,True,64,Active,6,Zürich,3922.0,103157,,1.0,Bike,,
2023-09-24 03:38:00,141,47.366752,8.544935,Bellevue,Bellevueplatz 2,8001,Zürich,True,64,Active,6,Zürich,570.0,101419,,1.0,Bike,,
2023-09-24 03:38:00,141,47.366752,8.544935,Bellevue,Bellevueplatz 2,8001,Zürich,True,64,Active,6,Zürich,2425.0,102272,,1.0,Bike,,
2023-09-24 03:38:00,141,47.366752,8.544935,Bellevue,Bellevueplatz 2,8001,Zürich,True,64,Active,6,Zürich,2432.0,102556,,1.0,Bike,,
2023-09-24 03:38:00,141,47.366752,8.544935,Bellevue,Bellevueplatz 2,8001,Zürich,True,64,Active,6,Zürich,2473.0,102603,,1.0,Bike,,
2023-09-24 03:38:00,141,47.366752,8.544935,Bellevue,Bellevueplatz 2,8001,Zürich,True,64,Active,6,Zürich,2464.0,102615,,1.0,Bike,,
2023-09-24 03:38:00,141,47.366752,8.544935,Bellevue,Bellevueplatz 2,8001,Zürich,True,64,Active,6,Zürich,3649.0,104712,,1.0,Bike,,
2023-09-24 03:38:00,141,47.366752,8.544935,Bellevue,Bellevueplatz 2,8001,Zürich,True,64,Active,6,Zürich,4833.0,500516,33.0,2.0,E-Bike,,
2023-09-24 03:38:00,141,47.366752,8.544935,Bellevue,Bellevueplatz 2,8001,Zürich,True,64,Active,6,Zürich,3553.0,501294,26.0,2.0,E-Bike,,
2023-09-24 03:38:00,141,47.366752,8.544935,Bellevue,Bellevueplatz 2,8001,Zürich,True,64,Active,6,Zürich,790.0,500236,13.0,2.0,E-Bike,,
2023-09-24 03:38:00,141,47.366752,8.544935,Bellevue,Bellevueplatz 2,8001,Zürich,True,64,Active,6,Zürich,3065.0,102339,,1.0,Bike,,
2023-09-24 03:38:00,141,47.366752,8.544935,Bellevue,Bellevueplatz 2,8001,Zürich,True,64,Active,6,Zürich,3289.0,102893,,1.0,Bike,,
2023-09-24 03:38:00,141,47.366752,8.544935,Bellevue,Bellevueplatz 2,8001,Zürich,True,64,Active,6,Zürich,551.0,101217,,1.0,Bike,,
2023-09-24 03:38:00,141,47.366752,8.544935,Bellevue,Bellevueplatz 2,8001,Zürich,True,64,Active,6,Zürich,2936.0,102633,,1.0,Bike,,
2023-09-24 03:38:00,141,47.366752,8.544935,Bellevue,Bellevueplatz 2,8001,Zürich,True,64,Active,6,Zürich,3699.0,104483,,1.0,Bike,,
2023-09-24 03:38:00,304,46.9429736,7.4302386,Zieglerstrasse,Zieglerstrasse 62,3007,Bern,True,10,Active,5,Bern,6177.0,504077,36.0,2.0,E-Bike,,
2023-09-24 03:38:00,304,46.9429736,7.4302386,Zieglerstrasse,Zieglerstrasse 62,3007,Bern,True,10,Active,5,Bern,3885.0,102292,,1.0,Bike,,
2023-09-24 03:38:00,304,46.9429736,7.4302386,Zieglerstrasse,Zieglerstrasse 62,3007,Bern,True,10,Active,5,Bern,1183.0,500473,88.0,2.0,E-Bike,,
2023-09-24 03:38:00,304,46.9429736,7.4302386,Zieglerstrasse,Zieglerstrasse 62,3007,Bern,True,10,Active,5,Bern,4585.0,104096,,1.0,Bike,,
2023-09-24 03:38:00,304,46.9429736,7.4302386,Zieglerstrasse,Zieglerstrasse 62,3007,Bern,True,10,Active,5,Bern,1064.0,101493,,1.0,Bike,,
2023-09-24 03:38:00,304,46.9429736,7.4302386,Zieglerstrasse,Zieglerstrasse 62,3007,Bern,True,10,Active,5,Bern,1201.0,102362,,1.0,Bike,,
2023-09-24 03:38:00,304,46.9429736,7.4302386,Zieglerstrasse,Zieglerstrasse 62,3007,Bern,True,10,Active,5,Bern,2597.0,102092,,1.0,Bike,,
2023-09-24 03:38:00,304,46.9429736,7.4302386,Zieglerstrasse,Zieglerstrasse 62,3007,Bern,True,10,Active,5,Bern,1485.0,101622,,1.0,Bike,,
2023-09-24 03:38:00,304,46.9429736,7.4302386,Zieglerstrasse,Zieglerstrasse 62,3007,Bern,True,10,Active,5,Bern,2995.0,101858,,1.0,Bike,,
2023-09-24 03:38:00,304,46.9429736,7.4302386,Zieglerstrasse,Zieglerstrasse 62,3007,Bern,True,10,Active,5,Bern,2161.0,102001,,1.0,Bike,,
2023-09-24 03:38:00,304,46.9429736,7.4302386,Zieglerstrasse,Zieglerstrasse 62,3007,Bern,True,10,Active,5,Bern,2336.0,102511,,1.0,Bike,,
2023-09-24 03:38:00,304,46.9429736,7.4302386,Zieglerstrasse,Zieglerstrasse 62,3007,Bern,True,10,Active,5,Bern,3779.0,103173,,1.0,Bike,,
2023-09-24 03:38:00,304,46.9429736,7.4302386,Zieglerstrasse,Zieglerstrasse 62,3007,Bern,True,10,Active,5,Bern,4523.0,104270,,1.0,Bike,,
2023-09-24 03:38:00,304,46.9429736,7.4302386,Zieglerstrasse,Zieglerstrasse 62,3007,Bern,True,10,Active,5,Bern,2367.0,102526,,1.0,Bike,,
2023-09-24 03:38:00,304,46.9429736,7.4302386,Zieglerstrasse,Zieglerstrasse 62,3007,Bern,True,10,Active,5,Bern,2103.0,101817,,1.0,Bike,,
2023-09-24 03:38:00,377,46.0121344,8.9657021,Viganello,Via la Santa,6900,Lugano,True,80,Active,3,Sottoceneri (TI),5394.0,104515,,1.0,Bike,,
2023-09-24 03:38:00,377,46.0121344,8.9657021,Viganello,Via la Santa,6900,Lugano,True,80,Active,3,Sottoceneri (TI),5435.0,104527,,1.0,Bike,,
2023-09-24 03:38:00,377,46.0121344,8.9657021,Viganello,Via la Santa,6900,Lugano,True,80,Active,3,Sottoceneri (TI),236.0,100319,89.0,2.0,E-Bike,,
2023-09-24 03:38:00,377,46.0121344,8.9657021,Viganello,Via la Santa,6900,Lugano,True,80,Active,3,Sottoceneri (TI),1780.0,501435,53.0,2.0,E-Bike,,
2023-09-24 03:38:00,377,46.0121344,8.9657021,Viganello,Via la Santa,6900,Lugano,True,80,Active,3,Sottoceneri (TI),1697.0,501700,68.0,2.0,E-Bike,,
2023-09-24 03:38:00,377,46.0121344,8.9657021,Viganello,Via la Santa,6900,Lugano,True,80,Active,3,Sottoceneri (TI),5150.0,104117,,1.0,Bike,,
2023-09-24 03:38:00,467,46.93992,7.3950333,Kirche St. Antonius,Morgenstrasse 56,3018,Bern,True,24,Active,5,Bern,3137.0,102198,,1.0,Bike,,
2023-09-24 03:38:00,467,46.93992,7.3950333,Kirche St. Antonius,Morgenstrasse 56,3018,Bern,True,24,Active,5,Bern,4025.0,500801,62.0,2.0,E-Bike,,
2023-09-24 03:38:00,467,46.93992,7.3950333,Kirche St. Antonius,Morgenstrasse 56,3018,Bern,True,24,Active,5,Bern,2325.0,102469,,1.0,Bike,,
2023-09-24 03:38:00,327,46.938964,7.4476281,Anshelmstrasse,Aegertenstrasse 49,3005,Bern,True,16,Active,5,Bern,2278.0,102054,,1.0,Bike,,
2023-09-24 03:38:00,327,46.938964,7.4476281,Anshelmstrasse,Aegertenstrasse 49,3005,Bern,True,16,Active,5,Bern,4564.0,104093,,1.0,Bike,,
2023-09-24 03:38:00,327,46.938964,7.4476281,Anshelmstrasse,Aegertenstrasse 49,3005,Bern,True,16,Active,5,Bern,2095.0,104171,,1.0,Bike,,
2023-09-24 03:38:00,327,46.938964,7.4476281,Anshelmstrasse,Aegertenstrasse 49,3005,Bern,True,16,Active,5,Bern,1102.0,500455,27.0,2.0,E-Bike,,
2023-09-24 03:38:00,327,46.938964,7.4476281,Anshelmstrasse,Aegertenstrasse 49,3005,Bern,True,16,Active,5,Bern,1171.0,500468,98.0,2.0,E-Bike,,
2023-09-24 03:38:00,327,46.938964,7.4476281,Anshelmstrasse,Aegertenstrasse 49,3005,Bern,True,16,Active,5,Bern,1085.0,101299,,1.0,Bike,,
2023-09-24 03:38:00,327,46.938964,7.4476281,Anshelmstrasse,Aegertenstrasse 49,3005,Bern,True,16,Active,5,Bern,4542.0,104262,,1.0,Bike,,
2023-09-24 03:38:00,327,46.938964,7.4476281,Anshelmstrasse,Aegertenstrasse 49,3005,Bern,True,16,Active,5,Bern,1645.0,501714,44.0,2.0,E-Bike,,
2023-09-24 03:38:00,327,46.938964,7.4476281,Anshelmstrasse,Aegertenstrasse 49,3005,Bern,True,16,Active,5,Bern,3491.0,503504,92.0,2.0,E-Bike,,
2023-09-24 03:38:00,327,46.938964,7.4476281,Anshelmstrasse,Aegertenstrasse 49,3005,Bern,True,16,Active,5,Bern,4942.0,502983,35.0,2.0,E-Bike,,
2023-09-24 03:38:00,327,46.938964,7.4476281,Anshelmstrasse,Aegertenstrasse 49,3005,Bern,True,16,Active,5,Bern,4535.0,104265,,1.0,Bike,,
2023-09-24 03:38:00,327,46.938964,7.4476281,Anshelmstrasse,Aegertenstrasse 49,3005,Bern,True,16,Active,5,Bern,1969.0,503837,24.0,2.0,E-Bike,,
2023-09-24 03:38:00,327,46.938964,7.4476281,Anshelmstrasse,Aegertenstrasse 49,3005,Bern,True,16,Active,5,Bern,1643.0,501717,41.0,2.0,E-Bike,,
2023-09-24 03:38:00,327,46.938964,7.4476281,Anshelmstrasse,Aegertenstrasse 49,3005,Bern,True,16,Active,5,Bern,4572.0,104298,,1.0,Bike,,
2023-09-24 03:38:00,327,46.938964,7.4476281,Anshelmstrasse,Aegertenstrasse 49,3005,Bern,True,16,Active,5,Bern,953.0,500309,89.0,2.0,E-Bike,,
2023-09-24 03:38:00,327,46.938964,7.4476281,Anshelmstrasse,Aegertenstrasse 49,3005,Bern,True,16,Active,5,Bern,1478.0,502588,45.0,2.0,E-Bike,,
2023-09-24 03:38:00,327,46.938964,7.4476281,Anshelmstrasse,Aegertenstrasse 49,3005,Bern,True,16,Active,5,Bern,1431.0,501761,89.0,2.0,E-Bike,,
2023-09-24 03:38:00,327,46.938964,7.4476281,Anshelmstrasse,Aegertenstrasse 49,3005,Bern,True,16,Active,5,Bern,4097.0,500894,72.0,2.0,E-Bike,,
2023-09-24 03:38:00,827,47.405478,8.481071,Frankental,Frankentalerstrasse 10,8049,Zürich,True,32,Active,6,Zürich,799.0,500145,36.0,2.0,E-Bike,,
2023-09-24 03:38:00,827,47.405478,8.481071,Frankental,Frankentalerstrasse 10,8049,Zürich,True,32,Active,6,Zürich,822.0,500271,33.0,2.0,E-Bike,,
2023-09-24 03:38:00,827,47.405478,8.481071,Frankental,Frankentalerstrasse 10,8049,Zürich,True,32,Active,6,Zürich,571.0,102071,,1.0,Bike,,
2023-09-24 03:38:00,827,47.405478,8.481071,Frankental,Frankentalerstrasse 10,8049,Zürich,True,32,Active,6,Zürich,4379.0,501088,24.0,2.0,E-Bike,,
2023-09-24 03:38:00,827,47.405478,8.481071,Frankental,Frankentalerstrasse 10,8049,Zürich,True,32,Active,6,Zürich,1526.0,501857,11.0,2.0,E-Bike,,
2023-09-24 03:38:00,827,47.405478,8.481071,Frankental,Frankentalerstrasse 10,8049,Zürich,True,32,Active,6,Zürich,2640.0,501036,,2.0,E-Bike,,
2023-09-24 03:38:00,827,47.405478,8.481071,Frankental,Frankentalerstrasse 10,8049,Zürich,True,32,Active,6,Zürich,4869.0,503667,26.0,2.0,E-Bike,,
2023-09-24 03:38:00,827,47.405478,8.481071,Frankental,Frankentalerstrasse 10,8049,Zürich,True,32,Active,6,Zürich,2937.0,102234,,1.0,Bike,,
2023-09-24 03:38:00,827,47.405478,8.481071,Frankental,Frankentalerstrasse 10,8049,Zürich,True,32,Active,6,Zürich,3419.0,503533,,2.0,E-Bike,,
2023-09-24 03:38:00,571,47.375556,8.547901,ETH/Zoologisches Museum,Karl-Schmid-Strasse 4,8006,Zürich,True,40,Active (empty),6,Zürich,,,,,,,
2023-09-24 03:38:00,11,46.521978,6.564896,Rivier,Route de la Sorge,1015,Ecublens,True,32,Active,2,Lausanne-Morges,2039.0,101060,,1.0,Bike,5.0,Sponsor 05
2023-09-24 03:38:00,568,47.347701,8.528049,Jugendherberge,Mutschellenstrasse 114,8038,Zürich,True,22,Active,6,Zürich,836.0,500200,94.0,2.0,E-Bike,,
2023-09-24 03:38:00,568,47.347701,8.528049,Jugendherberge,Mutschellenstrasse 114,8038,Zürich,True,22,Active,6,Zürich,3839.0,103224,,1.0,Bike,,
2023-09-24 03:38:00,568,47.347701,8.528049,Jugendherberge,Mutschellenstrasse 114,8038,Zürich,True,22,Active,6,Zürich,2646.0,501417,12.0,2.0,E-Bike,,
2023-09-24 03:38:00,568,47.347701,8.528049,Jugendherberge,Mutschellenstrasse 114,8038,Zürich,True,22,Active,6,Zürich,666.0,101450,,1.0,Bike,,
2023-09-24 03:38:00,568,47.347701,8.528049,Jugendherberge,Mutschellenstrasse 114,8038,Zürich,True,22,Active,6,Zürich,1508.0,101635,,1.0,Bike,,
2023-09-24 03:38:00,568,47.347701,8.528049,Jugendherberge,Mutschellenstrasse 114,8038,Zürich,True,22,Active,6,Zürich,3403.0,503551,45.0,2.0,E-Bike,,
2023-09-24 03:38:00,531,47.417668,8.593612,Schwimmbad Wallisellen,Alte Winterthurerstrasse 64,8304,Wallisellen,True,13,Active,6,Zürich,731.0,500155,94.0,2.0,E-Bike,,
2023-09-24 03:38:00,457,46.9525271,7.4498355,Kursaal,Sonnenbergstrasse 14,3013,Bern,True,27,Active,5,Bern,2134.0,501940,65.0,2.0,E-Bike,,
2023-09-24 03:38:00,457,46.9525271,7.4498355,Kursaal,Sonnenbergstrasse 14,3013,Bern,True,27,Active,5,Bern,1210.0,101548,,1.0,Bike,,
2023-09-24 03:38:00,527,47.44173,8.56879,Bahnhof Balsberg,Kloten Balsberg,8302,Kloten,True,18,Active,6,Zürich,2826.0,501004,43.0,2.0,E-Bike,,
2023-09-24 03:38:00,423,46.933129,7.455933,Camping Eichholz,Strandweg 49,3084,Köniz,True,48,Active,5,Bern,2581.0,502600,87.0,2.0,E-Bike,,
2023-09-24 03:38:00,423,46.933129,7.455933,Camping Eichholz,Strandweg 49,3084,Köniz,True,48,Active,5,Bern,1476.0,101608,,1.0,Bike,,
2023-09-24 03:38:00,423,46.933129,7.455933,Camping Eichholz,Strandweg 49,3084,Köniz,True,48,Active,5,Bern,2297.0,102301,,1.0,Bike,,
2023-09-24 03:38:00,423,46.933129,7.455933,Camping Eichholz,Strandweg 49,3084,Köniz,True,48,Active,5,Bern,1623.0,101679,,1.0,Bike,,
2023-09-24 03:38:00,423,46.933129,7.455933,Camping Eichholz,Strandweg 49,3084,Köniz,True,48,Active,5,Bern,2712.0,102643,,1.0,Bike,,
2023-09-24 03:38:00,564,47.345298,8.53577,GZ Wollishofen,Bachstrasse 15,8038,Zürich,True,26,Active,6,Zürich,740.0,500153,50.0,2.0,E-Bike,,
2023-09-24 03:38:00,564,47.345298,8.53577,GZ Wollishofen,Bachstrasse 15,8038,Zürich,True,26,Active,6,Zürich,2739.0,500999,,2.0,E-Bike,,
2023-09-24 03:38:00,564,47.345298,8.53577,GZ Wollishofen,Bachstrasse 15,8038,Zürich,True,26,Active,6,Zürich,3384.0,102916,,1.0,Bike,,
2023-09-24 03:38:00,80,47.3795837,8.5156327,Bullingerplatz,Bullingerstrasse 5,8004,Zürich,True,19,Active (empty),6,Zürich,,,,,,,
2023-09-24 03:38:00,98,47.3731102,8.5333139,Sihlstrasse,Sihlstrasse 81,8001,Zürich,True,13,Active,6,Zürich,528.0,104506,,1.0,Bike,,
2023-09-24 03:38:00,98,47.3731102,8.5333139,Sihlstrasse,Sihlstrasse 81,8001,Zürich,True,13,Active,6,Zürich,3824.0,103204,,1.0,Bike,,
2023-09-24 03:38:00,98,47.3731102,8.5333139,Sihlstrasse,Sihlstrasse 81,8001,Zürich,True,13,Active,6,Zürich,3559.0,102933,,1.0,Bike,,
2023-09-24 03:38:00,98,47.3731102,8.5333139,Sihlstrasse,Sihlstrasse 81,8001,Zürich,True,13,Active,6,Zürich,3662.0,103040,,1.0,Bike,,
2023-09-24 03:38:00,98,47.3731102,8.5333139,Sihlstrasse,Sihlstrasse 81,8001,Zürich,True,13,Active,6,Zürich,3840.0,104707,,1.0,Bike,,
2023-09-24 03:38:00,98,47.3731102,8.5333139,Sihlstrasse,Sihlstrasse 81,8001,Zürich,True,13,Active,6,Zürich,4744.0,104021,,1.0,Bike,,
2023-09-24 03:38:00,743,45.84700376233985,9.005261994529603,Balerna Stazione FFS,Via Stazione,6828,Balerna,True,21,Active,3,Sottoceneri (TI),5551.0,104890,,1.0,Bike,,
2023-09-24 03:38:00,743,45.84700376233985,9.005261994529603,Balerna Stazione FFS,Via Stazione,6828,Balerna,True,21,Active,3,Sottoceneri (TI),5133.0,104027,,1.0,Bike,,
2023-09-24 03:38:00,743,45.84700376233985,9.005261994529603,Balerna Stazione FFS,Via Stazione,6828,Balerna,True,21,Active,3,Sottoceneri (TI),5617.0,104804,,1.0,Bike,,
2023-09-24 03:38:00,743,45.84700376233985,9.005261994529603,Balerna Stazione FFS,Via Stazione,6828,Balerna,True,21,Active,3,Sottoceneri (TI),5070.0,502871,57.0,2.0,E-Bike,,
2023-09-24 03:38:00,301,46.9440348,7.4120405,Steigerhubel,Schlossstrasse 112,3008,Bern,True,10,Active,5,Bern,3743.0,104541,,1.0,Bike,,
2023-09-24 03:38:00,301,46.9440348,7.4120405,Steigerhubel,Schlossstrasse 112,3008,Bern,True,10,Active,5,Bern,2989.0,101846,,1.0,Bike,,
2023-09-24 03:38:00,301,46.9440348,7.4120405,Steigerhubel,Schlossstrasse 112,3008,Bern,True,10,Active,5,Bern,3017.0,102418,,1.0,Bike,,
2023-09-24 03:38:00,301,46.9440348,7.4120405,Steigerhubel,Schlossstrasse 112,3008,Bern,True,10,Active,5,Bern,3606.0,102987,,1.0,Bike,,
2023-09-24 03:38:00,301,46.9440348,7.4120405,Steigerhubel,Schlossstrasse 112,3008,Bern,True,10,Active,5,Bern,2327.0,102489,,1.0,Bike,,
2023-09-24 03:38:00,301,46.9440348,7.4120405,Steigerhubel,Schlossstrasse 112,3008,Bern,True,10,Active,5,Bern,2709.0,102302,,1.0,Bike,,
2023-09-24 03:38:00,301,46.9440348,7.4120405,Steigerhubel,Schlossstrasse 112,3008,Bern,True,10,Active,5,Bern,2949.0,102101,,1.0,Bike,,
2023-09-24 03:38:00,301,46.9440348,7.4120405,Steigerhubel,Schlossstrasse 112,3008,Bern,True,10,Active,5,Bern,3873.0,103248,,1.0,Bike,,
2023-09-24 03:38:00,301,46.9440348,7.4120405,Steigerhubel,Schlossstrasse 112,3008,Bern,True,10,Active,5,Bern,1227.0,102377,,1.0,Bike,,
2023-09-24 03:38:00,301,46.9440348,7.4120405,Steigerhubel,Schlossstrasse 112,3008,Bern,True,10,Active,5,Bern,2116.0,101947,,1.0,Bike,,
2023-09-24 03:38:00,301,46.9440348,7.4120405,Steigerhubel,Schlossstrasse 112,3008,Bern,True,10,Active,5,Bern,3575.0,102287,,1.0,Bike,,
2023-09-24 03:38:00,301,46.9440348,7.4120405,Steigerhubel,Schlossstrasse 112,3008,Bern,True,10,Active,5,Bern,3794.0,103159,,1.0,Bike,,
2023-09-24 03:38:00,301,46.9440348,7.4120405,Steigerhubel,Schlossstrasse 112,3008,Bern,True,10,Active,5,Bern,4554.0,104276,,1.0,Bike,,
2023-09-24 03:38:00,301,46.9440348,7.4120405,Steigerhubel,Schlossstrasse 112,3008,Bern,True,10,Active,5,Bern,3162.0,102708,,1.0,Bike,,
2023-09-24 03:38:00,301,46.9440348,7.4120405,Steigerhubel,Schlossstrasse 112,3008,Bern,True,10,Active,5,Bern,3193.0,102776,,1.0,Bike,,
2023-09-24 03:38:00,301,46.9440348,7.4120405,Steigerhubel,Schlossstrasse 112,3008,Bern,True,10,Active,5,Bern,3709.0,103119,,1.0,Bike,,
2023-09-24 03:38:00,301,46.9440348,7.4120405,Steigerhubel,Schlossstrasse 112,3008,Bern,True,10,Active,5,Bern,3899.0,502629,36.0,2.0,E-Bike,,
2023-09-24 03:38:00,301,46.9440348,7.4120405,Steigerhubel,Schlossstrasse 112,3008,Bern,True,10,Active,5,Bern,2304.0,104212,,1.0,Bike,,
2023-09-24 03:38:00,183,46.9432034,7.4735436,Sonnenhofspital,Buchserstrasse 26,3006,Bern,True,10,Active,5,Bern,6195.0,504007,72.0,2.0,E-Bike,,
2023-09-24 03:38:00,183,46.9432034,7.4735436,Sonnenhofspital,Buchserstrasse 26,3006,Bern,True,10,Active,5,Bern,3015.0,102127,,1.0,Bike,,
2023-09-24 03:38:00,183,46.9432034,7.4735436,Sonnenhofspital,Buchserstrasse 26,3006,Bern,True,10,Active,5,Bern,4933.0,502981,50.0,2.0,E-Bike,,
2023-09-24 03:38:00,183,46.9432034,7.4735436,Sonnenhofspital,Buchserstrasse 26,3006,Bern,True,10,Active,5,Bern,2094.0,101813,,1.0,Bike,,
2023-09-24 03:38:00,183,46.9432034,7.4735436,Sonnenhofspital,Buchserstrasse 26,3006,Bern,True,10,Active,5,Bern,3471.0,502178,41.0,2.0,E-Bike,,
2023-09-24 03:38:00,183,46.9432034,7.4735436,Sonnenhofspital,Buchserstrasse 26,3006,Bern,True,10,Active,5,Bern,2950.0,102117,,1.0,Bike,,
2023-09-24 03:38:00,183,46.9432034,7.4735436,Sonnenhofspital,Buchserstrasse 26,3006,Bern,True,10,Active,5,Bern,4900.0,502951,42.0,2.0,E-Bike,,
2023-09-24 03:38:00,183,46.9432034,7.4735436,Sonnenhofspital,Buchserstrasse 26,3006,Bern,True,10,Active,5,Bern,4604.0,503076,84.0,2.0,E-Bike,,
2023-09-24 03:38:00,183,46.9432034,7.4735436,Sonnenhofspital,Buchserstrasse 26,3006,Bern,True,10,Active,5,Bern,4582.0,104088,,1.0,Bike,,
2023-09-24 03:38:00,183,46.9432034,7.4735436,Sonnenhofspital,Buchserstrasse 26,3006,Bern,True,10,Active,5,Bern,3343.0,501265,68.0,2.0,E-Bike,,
2023-09-24 03:38:00,183,46.9432034,7.4735436,Sonnenhofspital,Buchserstrasse 26,3006,Bern,True,10,Active,5,Bern,4522.0,503040,69.0,2.0,E-Bike,,
2023-09-24 03:38:00,183,46.9432034,7.4735436,Sonnenhofspital,Buchserstrasse 26,3006,Bern,True,10,Active,5,Bern,3596.0,102998,,1.0,Bike,,
2023-09-24 03:38:00,183,46.9432034,7.4735436,Sonnenhofspital,Buchserstrasse 26,3006,Bern,True,10,Active,5,Bern,3182.0,102760,,1.0,Bike,,
2023-09-24 03:38:00,164,47.387531,8.527138,Markthalle,Röntgenstrasse 87,8005,Zürich,True,16,Active,6,Zürich,3815.0,103207,,1.0,Bike,,
2023-09-24 03:38:00,164,47.387531,8.527138,Markthalle,Röntgenstrasse 87,8005,Zürich,True,16,Active,6,Zürich,3643.0,105038,,1.0,Bike,,
2023-09-24 03:38:00,164,47.387531,8.527138,Markthalle,Röntgenstrasse 87,8005,Zürich,True,16,Active,6,Zürich,1605.0,501786,69.0,2.0,E-Bike,,
2023-09-24 03:38:00,164,47.387531,8.527138,Markthalle,Röntgenstrasse 87,8005,Zürich,True,16,Active,6,Zürich,4764.0,500511,14.0,2.0,E-Bike,,
2023-09-24 03:38:00,164,47.387531,8.527138,Markthalle,Röntgenstrasse 87,8005,Zürich,True,16,Active,6,Zürich,3967.0,500835,31.0,2.0,E-Bike,,
2023-09-24 03:38:00,164,47.387531,8.527138,Markthalle,Röntgenstrasse 87,8005,Zürich,True,16,Active,6,Zürich,3261.0,102869,,1.0,Bike,,
2023-09-24 03:38:00,164,47.387531,8.527138,Markthalle,Röntgenstrasse 87,8005,Zürich,True,16,Active,6,Zürich,3089.0,501072,14.0,2.0,E-Bike,,
2023-09-24 03:38:00,164,47.387531,8.527138,Markthalle,Röntgenstrasse 87,8005,Zürich,True,16,Active,6,Zürich,610.0,101374,,1.0,Bike,,
2023-09-24 03:38:00,164,47.387531,8.527138,Markthalle,Röntgenstrasse 87,8005,Zürich,True,16,Active,6,Zürich,2895.0,104706,,1.0,Bike,,
2023-09-24 03:38:00,164,47.387531,8.527138,Markthalle,Röntgenstrasse 87,8005,Zürich,True,16,Active,6,Zürich,3369.0,501250,38.0,2.0,E-Bike,,
2023-09-24 03:38:00,601,46.45543,6.336791,"Rolle, Débarcadère",Rue du Port,1180,Rolle,True,30,Active,9,Région de Nyon,2225.0,101876,,1.0,Bike,,
2023-09-24 03:38:00,601,46.45543,6.336791,"Rolle, Débarcadère",Rue du Port,1180,Rolle,True,30,Active,9,Région de Nyon,2229.0,501339,50.0,2.0,E-Bike,,
2023-09-24 03:38:00,601,46.45543,6.336791,"Rolle, Débarcadère",Rue du Port,1180,Rolle,True,30,Active,9,Région de Nyon,5883.0,104665,,1.0,Bike,,
2023-09-24 03:38:00,601,46.45543,6.336791,"Rolle, Débarcadère",Rue du Port,1180,Rolle,True,30,Active,9,Région de Nyon,2228.0,101879,,1.0,Bike,,
2023-09-24 03:38:00,601,46.45543,6.336791,"Rolle, Débarcadère",Rue du Port,1180,Rolle,True,30,Active,9,Région de Nyon,5181.0,103961,,1.0,Bike,,
2023-09-24 03:38:00,356,47.380319,8.552615,Siriuswiese,Siriusstrasse 4,8044,Zürich,True,11,Active (empty),6,Zürich,,,,,,,
2023-09-24 03:38:00,469,46.9450382,7.3791687,Riedbachstrasse Park,Riedbachstrasse 77,3027,Bern,True,32,Active,5,Bern,1472.0,501780,99.0,2.0,E-Bike,,
2023-09-24 03:38:00,469,46.9450382,7.3791687,Riedbachstrasse Park,Riedbachstrasse 77,3027,Bern,True,32,Active,5,Bern,3338.0,501276,82.0,2.0,E-Bike,,
2023-09-24 03:38:00,469,46.9450382,7.3791687,Riedbachstrasse Park,Riedbachstrasse 77,3027,Bern,True,32,Active,5,Bern,1159.0,500400,99.0,2.0,E-Bike,,
2023-09-24 03:38:00,469,46.9450382,7.3791687,Riedbachstrasse Park,Riedbachstrasse 77,3027,Bern,True,32,Active,5,Bern,2771.0,102414,,1.0,Bike,,
2023-09-24 03:38:00,469,46.9450382,7.3791687,Riedbachstrasse Park,Riedbachstrasse 77,3027,Bern,True,32,Active,5,Bern,1200.0,102386,,1.0,Bike,,
2023-09-24 03:38:00,469,46.9450382,7.3791687,Riedbachstrasse Park,Riedbachstrasse 77,3027,Bern,True,32,Active,5,Bern,4169.0,500666,84.0,2.0,E-Bike,,
2023-09-24 03:38:00,469,46.9450382,7.3791687,Riedbachstrasse Park,Riedbachstrasse 77,3027,Bern,True,32,Active,5,Bern,4883.0,502954,61.0,2.0,E-Bike,,
2023-09-24 03:38:00,195,46.9543451,7.4453536,Lorrainebrücke,Lorrainestrasse 1,3013,Bern,True,10,Active,5,Bern,4175.0,500898,80.0,2.0,E-Bike,,
2023-09-24 03:38:00,598,46.38065,6.20499,"Eysins, Vieux-Collège",Rue du Vieux-Collège 3-1,1262,Eysins,True,37,Active,9,Région de Nyon,1733.0,501640,,2.0,E-Bike,,
2023-09-24 03:38:00,598,46.38065,6.20499,"Eysins, Vieux-Collège",Rue du Vieux-Collège 3-1,1262,Eysins,True,37,Active,9,Région de Nyon,1343.0,101066,,1.0,Bike,,
2023-09-24 03:38:00,598,46.38065,6.20499,"Eysins, Vieux-Collège",Rue du Vieux-Collège 3-1,1262,Eysins,True,37,Active,9,Région de Nyon,5846.0,504133,15.0,2.0,E-Bike,,
2023-09-24 03:38:00,598,46.38065,6.20499,"Eysins, Vieux-Collège",Rue du Vieux-Collège 3-1,1262,Eysins,True,37,Active,9,Région de Nyon,1291.0,100405,,2.0,E-Bike,,
2023-09-24 03:38:00,598,46.38065,6.20499,"Eysins, Vieux-Collège",Rue du Vieux-Collège 3-1,1262,Eysins,True,37,Active,9,Région de Nyon,1956.0,500993,39.0,2.0,E-Bike,,
2023-09-24 03:38:00,865,45.838047,9.026857,Chiasso Piscine,Via Rinaldo Simen,6830,Chiasso,True,80,Active,3,Sottoceneri (TI),188.0,100300,90.0,2.0,E-Bike,,
2023-09-24 03:38:00,865,45.838047,9.026857,Chiasso Piscine,Via Rinaldo Simen,6830,Chiasso,True,80,Active,3,Sottoceneri (TI),5368.0,104683,,1.0,Bike,,
2023-09-24 03:38:00,865,45.838047,9.026857,Chiasso Piscine,Via Rinaldo Simen,6830,Chiasso,True,80,Active,3,Sottoceneri (TI),5492.0,104572,,1.0,Bike,,
2023-09-24 03:38:00,865,45.838047,9.026857,Chiasso Piscine,Via Rinaldo Simen,6830,Chiasso,True,80,Active,3,Sottoceneri (TI),5444.0,503580,87.0,2.0,E-Bike,,
2023-09-24 03:38:00,865,45.838047,9.026857,Chiasso Piscine,Via Rinaldo Simen,6830,Chiasso,True,80,Active,3,Sottoceneri (TI),5472.0,104460,,1.0,Bike,,
2023-09-24 03:38:00,865,45.838047,9.026857,Chiasso Piscine,Via Rinaldo Simen,6830,Chiasso,True,80,Active,3,Sottoceneri (TI),1325.0,101108,,1.0,Bike,,
2023-09-24 03:38:00,865,45.838047,9.026857,Chiasso Piscine,Via Rinaldo Simen,6830,Chiasso,True,80,Active,3,Sottoceneri (TI),4185.0,104227,,1.0,Bike,,
2023-09-24 03:38:00,590,46.94656869037823,7.420258885907312,Station bis 10.12.2023 verschoben: Insel West,Freiburgstrasse 46,3010,Bern,True,29,Active,5,Bern,4507.0,503043,77.0,2.0,E-Bike,,
2023-09-24 03:38:00,590,46.94656869037823,7.420258885907312,Station bis 10.12.2023 verschoben: Insel West,Freiburgstrasse 46,3010,Bern,True,29,Active,5,Bern,1806.0,501317,37.0,2.0,E-Bike,,
2023-09-24 03:38:00,590,46.94656869037823,7.420258885907312,Station bis 10.12.2023 verschoben: Insel West,Freiburgstrasse 46,3010,Bern,True,29,Active,5,Bern,4896.0,502955,72.0,2.0,E-Bike,,
2023-09-24 03:38:00,590,46.94656869037823,7.420258885907312,Station bis 10.12.2023 verschoben: Insel West,Freiburgstrasse 46,3010,Bern,True,29,Active,5,Bern,2974.0,102165,,1.0,Bike,,
2023-09-24 03:38:00,590,46.94656869037823,7.420258885907312,Station bis 10.12.2023 verschoben: Insel West,Freiburgstrasse 46,3010,Bern,True,29,Active,5,Bern,3177.0,102758,,1.0,Bike,,
2023-09-24 03:38:00,318,46.9410334,7.4359176,Monbijoustrasse,Monbijoustrasse 61,3007,Bern,True,10,Active,5,Bern,1198.0,101534,,1.0,Bike,,
2023-09-24 03:38:00,318,46.9410334,7.4359176,Monbijoustrasse,Monbijoustrasse 61,3007,Bern,True,10,Active,5,Bern,3717.0,103120,,1.0,Bike,,
2023-09-24 03:38:00,318,46.9410334,7.4359176,Monbijoustrasse,Monbijoustrasse 61,3007,Bern,True,10,Active,5,Bern,2577.0,501171,45.0,2.0,E-Bike,,
2023-09-24 03:38:00,318,46.9410334,7.4359176,Monbijoustrasse,Monbijoustrasse 61,3007,Bern,True,10,Active,5,Bern,1450.0,101579,,1.0,Bike,,
2023-09-24 03:38:00,318,46.9410334,7.4359176,Monbijoustrasse,Monbijoustrasse 61,3007,Bern,True,10,Active,5,Bern,2167.0,102006,,1.0,Bike,,
2023-09-24 03:38:00,318,46.9410334,7.4359176,Monbijoustrasse,Monbijoustrasse 61,3007,Bern,True,10,Active,5,Bern,4586.0,104300,,1.0,Bike,,
2023-09-24 03:38:00,255,46.9526864,7.4299899,Pauluskirche Bern,Freiestrasse 3,3012,Bern,True,10,Active,5,Bern,1168.0,504461,90.0,2.0,E-Bike,,
2023-09-24 03:38:00,255,46.9526864,7.4299899,Pauluskirche Bern,Freiestrasse 3,3012,Bern,True,10,Active,5,Bern,3887.0,103677,,1.0,Bike,,
2023-09-24 03:38:00,322,46.9347023,7.4420357,Schöneggweg,Zinggstrasse 37,3007,Bern,True,10,Active,5,Bern,1078.0,500328,82.0,2.0,E-Bike,,
2023-09-24 03:38:00,322,46.9347023,7.4420357,Schöneggweg,Zinggstrasse 37,3007,Bern,True,10,Active,5,Bern,6178.0,504074,81.0,2.0,E-Bike,,
2023-09-24 03:38:00,322,46.9347023,7.4420357,Schöneggweg,Zinggstrasse 37,3007,Bern,True,10,Active,5,Bern,3857.0,103255,,1.0,Bike,,
2023-09-24 03:38:00,322,46.9347023,7.4420357,Schöneggweg,Zinggstrasse 37,3007,Bern,True,10,Active,5,Bern,3800.0,103174,,1.0,Bike,,
2023-09-24 03:38:00,322,46.9347023,7.4420357,Schöneggweg,Zinggstrasse 37,3007,Bern,True,10,Active,5,Bern,2135.0,101959,,1.0,Bike,,
2023-09-24 03:38:00,322,46.9347023,7.4420357,Schöneggweg,Zinggstrasse 37,3007,Bern,True,10,Active,5,Bern,1278.0,102365,,1.0,Bike,,
2023-09-24 03:38:00,322,46.9347023,7.4420357,Schöneggweg,Zinggstrasse 37,3007,Bern,True,10,Active,5,Bern,1194.0,101240,,1.0,Bike,,
2023-09-24 03:38:00,322,46.9347023,7.4420357,Schöneggweg,Zinggstrasse 37,3007,Bern,True,10,Active,5,Bern,2529.0,102417,,1.0,Bike,,
2023-09-24 03:38:00,322,46.9347023,7.4420357,Schöneggweg,Zinggstrasse 37,3007,Bern,True,10,Active,5,Bern,2354.0,102510,,1.0,Bike,,
2023-09-24 03:38:00,322,46.9347023,7.4420357,Schöneggweg,Zinggstrasse 37,3007,Bern,True,10,Active,5,Bern,3156.0,102200,,1.0,Bike,,
2023-09-24 03:38:00,322,46.9347023,7.4420357,Schöneggweg,Zinggstrasse 37,3007,Bern,True,10,Active,5,Bern,3157.0,102706,,1.0,Bike,,
2023-09-24 03:38:00,322,46.9347023,7.4420357,Schöneggweg,Zinggstrasse 37,3007,Bern,True,10,Active,5,Bern,3593.0,102999,,1.0,Bike,,
2023-09-24 03:38:00,696,45.991069,8.936421,Gentilino,Via Nocc,6925,Collina d'Oro,True,21,Active,3,Sottoceneri (TI),126.0,100264,68.0,2.0,E-Bike,,
2023-09-24 03:38:00,696,45.991069,8.936421,Gentilino,Via Nocc,6925,Collina d'Oro,True,21,Active,3,Sottoceneri (TI),5045.0,502866,50.0,2.0,E-Bike,,
2023-09-24 03:38:00,696,45.991069,8.936421,Gentilino,Via Nocc,6925,Collina d'Oro,True,21,Active,3,Sottoceneri (TI),1775.0,501299,93.0,2.0,E-Bike,,
2023-09-24 03:38:00,696,45.991069,8.936421,Gentilino,Via Nocc,6925,Collina d'Oro,True,21,Active,3,Sottoceneri (TI),5511.0,104565,,1.0,Bike,,
2023-09-24 03:38:00,696,45.991069,8.936421,Gentilino,Via Nocc,6925,Collina d'Oro,True,21,Active,3,Sottoceneri (TI),5350.0,105113,,1.0,Bike,,
2023-09-24 03:38:00,696,45.991069,8.936421,Gentilino,Via Nocc,6925,Collina d'Oro,True,21,Active,3,Sottoceneri (TI),5094.0,104053,,1.0,Bike,,
2023-09-24 03:38:00,770,45.83472077054605,9.01820134325138,Chiasso Soldini,Via Soldini parcheggio Crocione,6830,Chiasso,True,21,Active,3,Sottoceneri (TI),1798.0,501438,91.0,2.0,E-Bike,,
2023-09-24 03:38:00,770,45.83472077054605,9.01820134325138,Chiasso Soldini,Via Soldini parcheggio Crocione,6830,Chiasso,True,21,Active,3,Sottoceneri (TI),4124.0,500748,90.0,2.0,E-Bike,,
2023-09-24 03:38:00,770,45.83472077054605,9.01820134325138,Chiasso Soldini,Via Soldini parcheggio Crocione,6830,Chiasso,True,21,Active,3,Sottoceneri (TI),4072.0,104458,,1.0,Bike,,
2023-09-24 03:38:00,770,45.83472077054605,9.01820134325138,Chiasso Soldini,Via Soldini parcheggio Crocione,6830,Chiasso,True,21,Active,3,Sottoceneri (TI),142.0,503881,89.0,2.0,E-Bike,,
2023-09-24 03:38:00,770,45.83472077054605,9.01820134325138,Chiasso Soldini,Via Soldini parcheggio Crocione,6830,Chiasso,True,21,Active,3,Sottoceneri (TI),129.0,100249,87.0,2.0,E-Bike,,
2023-09-24 03:38:00,770,45.83472077054605,9.01820134325138,Chiasso Soldini,Via Soldini parcheggio Crocione,6830,Chiasso,True,21,Active,3,Sottoceneri (TI),4205.0,101930,,1.0,Bike,,
2023-09-24 03:38:00,770,45.83472077054605,9.01820134325138,Chiasso Soldini,Via Soldini parcheggio Crocione,6830,Chiasso,True,21,Active,3,Sottoceneri (TI),5155.0,103362,,1.0,Bike,,
2023-09-24 03:38:00,102,47.3897772,8.5166922,Turbinenplatz,Technoparkstrasse 4,8005,Zürich,True,22,Active,6,Zürich,4691.0,503148,56.0,2.0,E-Bike,,
2023-09-24 03:38:00,102,47.3897772,8.5166922,Turbinenplatz,Technoparkstrasse 4,8005,Zürich,True,22,Active,6,Zürich,3558.0,104717,,1.0,Bike,,
2023-09-24 03:38:00,102,47.3897772,8.5166922,Turbinenplatz,Technoparkstrasse 4,8005,Zürich,True,22,Active,6,Zürich,2910.0,102217,,1.0,Bike,,
2023-09-24 03:38:00,102,47.3897772,8.5166922,Turbinenplatz,Technoparkstrasse 4,8005,Zürich,True,22,Active,6,Zürich,2934.0,102113,,1.0,Bike,,
2023-09-24 03:38:00,436,46.014127,8.959087,Casa Serena,Via Marco da Carona 10-12,6900,Lugano,True,80,Active,3,Sottoceneri (TI),1799.0,501632,51.0,2.0,E-Bike,,
2023-09-24 03:38:00,436,46.014127,8.959087,Casa Serena,Via Marco da Carona 10-12,6900,Lugano,True,80,Active,3,Sottoceneri (TI),4132.0,501523,56.0,2.0,E-Bike,,
2023-09-24 03:38:00,436,46.014127,8.959087,Casa Serena,Via Marco da Carona 10-12,6900,Lugano,True,80,Active,3,Sottoceneri (TI),5583.0,105200,,1.0,Bike,,
2023-09-24 03:38:00,436,46.014127,8.959087,Casa Serena,Via Marco da Carona 10-12,6900,Lugano,True,80,Active,3,Sottoceneri (TI),4052.0,101914,,1.0,Bike,,
2023-09-24 03:38:00,436,46.014127,8.959087,Casa Serena,Via Marco da Carona 10-12,6900,Lugano,True,80,Active,3,Sottoceneri (TI),5609.0,105228,,1.0,Bike,,
2023-09-24 03:38:00,591,46.9475569,7.4266947,Insel Haupteingang,Freiburgstrasse 15,3008,Bern,True,120,Active,5,Bern,1136.0,101314,,1.0,Bike,,
2023-09-24 03:38:00,591,46.9475569,7.4266947,Insel Haupteingang,Freiburgstrasse 15,3008,Bern,True,120,Active,5,Bern,3224.0,102787,,1.0,Bike,,
2023-09-24 03:38:00,591,46.9475569,7.4266947,Insel Haupteingang,Freiburgstrasse 15,3008,Bern,True,120,Active,5,Bern,1088.0,101368,,1.0,Bike,,
2023-09-24 03:38:00,591,46.9475569,7.4266947,Insel Haupteingang,Freiburgstrasse 15,3008,Bern,True,120,Active,5,Bern,959.0,101511,,1.0,Bike,,
2023-09-24 03:38:00,591,46.9475569,7.4266947,Insel Haupteingang,Freiburgstrasse 15,3008,Bern,True,120,Active,5,Bern,3227.0,102691,,1.0,Bike,,
2023-09-24 03:38:00,591,46.9475569,7.4266947,Insel Haupteingang,Freiburgstrasse 15,3008,Bern,True,120,Active,5,Bern,2301.0,102448,,1.0,Bike,,
2023-09-24 03:38:00,591,46.9475569,7.4266947,Insel Haupteingang,Freiburgstrasse 15,3008,Bern,True,120,Active,5,Bern,2758.0,102248,,1.0,Bike,,
2023-09-24 03:38:00,504,46.799339,7.151984,Rue du Simplon,Rue du Simplon 3,1700,Fribourg,True,21,Active,8,Fribourg,5310.0,103995,,1.0,Bike,26.0,Sponsor 26
2023-09-24 03:38:00,504,46.799339,7.151984,Rue du Simplon,Rue du Simplon 3,1700,Fribourg,True,21,Active,8,Fribourg,1860.0,101771,,1.0,Bike,26.0,Sponsor 26
2023-09-24 03:38:00,504,46.799339,7.151984,Rue du Simplon,Rue du Simplon 3,1700,Fribourg,True,21,Active,8,Fribourg,5313.0,103994,,1.0,Bike,26.0,Sponsor 26
2023-09-24 03:38:00,504,46.799339,7.151984,Rue du Simplon,Rue du Simplon 3,1700,Fribourg,True,21,Active,8,Fribourg,5677.0,504196,20.0,2.0,E-Bike,26.0,Sponsor 26
2023-09-24 03:38:00,504,46.799339,7.151984,Rue du Simplon,Rue du Simplon 3,1700,Fribourg,True,21,Active,8,Fribourg,1900.0,500938,,2.0,E-Bike,26.0,Sponsor 26
2023-09-24 03:38:00,504,46.799339,7.151984,Rue du Simplon,Rue du Simplon 3,1700,Fribourg,True,21,Active,8,Fribourg,4287.0,104251,,1.0,Bike,26.0,Sponsor 26
2023-09-24 03:38:00,504,46.799339,7.151984,Rue du Simplon,Rue du Simplon 3,1700,Fribourg,True,21,Active,8,Fribourg,1928.0,500977,77.0,2.0,E-Bike,26.0,Sponsor 26
2023-09-24 03:38:00,504,46.799339,7.151984,Rue du Simplon,Rue du Simplon 3,1700,Fribourg,True,21,Active,8,Fribourg,1893.0,500960,58.0,2.0,E-Bike,26.0,Sponsor 26
2023-09-24 03:38:00,504,46.799339,7.151984,Rue du Simplon,Rue du Simplon 3,1700,Fribourg,True,21,Active,8,Fribourg,5267.0,502413,71.0,2.0,E-Bike,26.0,Sponsor 26
2023-09-24 03:38:00,428,47.40158,8.58841,Hirzenbachstrasse,Hirzenbachstrasse 2-4,8051,Zürich,True,16,Active,6,Zürich,2720.0,501401,76.0,2.0,E-Bike,,
2023-09-24 03:38:00,428,47.40158,8.58841,Hirzenbachstrasse,Hirzenbachstrasse 2-4,8051,Zürich,True,16,Active,6,Zürich,3650.0,103030,,1.0,Bike,,
2023-09-24 03:38:00,761,46.79633089439779,7.131816212475342,Le Domaine (Swiss Lodge),Chem. des Eaux-Vives 17,1752,Villars-sur-Glâne,True,80,Active,8,Fribourg,1910.0,500953,50.0,2.0,E-Bike,53.0,Sponsor 53
2023-09-24 03:38:00,761,46.79633089439779,7.131816212475342,Le Domaine (Swiss Lodge),Chem. des Eaux-Vives 17,1752,Villars-sur-Glâne,True,80,Active,8,Fribourg,5264.0,502407,45.0,2.0,E-Bike,53.0,Sponsor 53
2023-09-24 03:38:00,761,46.79633089439779,7.131816212475342,Le Domaine (Swiss Lodge),Chem. des Eaux-Vives 17,1752,Villars-sur-Glâne,True,80,Active,8,Fribourg,5249.0,502417,13.0,2.0,E-Bike,53.0,Sponsor 53
2023-09-24 03:38:00,761,46.79633089439779,7.131816212475342,Le Domaine (Swiss Lodge),Chem. des Eaux-Vives 17,1752,Villars-sur-Glâne,True,80,Active,8,Fribourg,5683.0,504188,83.0,2.0,E-Bike,53.0,Sponsor 53
2023-09-24 03:38:00,574,47.45041071949902,8.563071583930034,Flughafen Kloten,Veloabstellplatz Parking 2,8302,Kloten,True,16,Active,6,Zürich,4827.0,500608,48.0,2.0,E-Bike,,
2023-09-24 03:38:00,574,47.45041071949902,8.563071583930034,Flughafen Kloten,Veloabstellplatz Parking 2,8302,Kloten,True,16,Active,6,Zürich,3122.0,501379,41.0,2.0,E-Bike,,
2023-09-24 03:38:00,574,47.45041071949902,8.563071583930034,Flughafen Kloten,Veloabstellplatz Parking 2,8302,Kloten,True,16,Active,6,Zürich,2861.0,501557,38.0,2.0,E-Bike,,
2023-09-24 03:38:00,574,47.45041071949902,8.563071583930034,Flughafen Kloten,Veloabstellplatz Parking 2,8302,Kloten,True,16,Active,6,Zürich,4418.0,503716,41.0,2.0,E-Bike,,
2023-09-24 03:38:00,574,47.45041071949902,8.563071583930034,Flughafen Kloten,Veloabstellplatz Parking 2,8302,Kloten,True,16,Active,6,Zürich,4871.0,500531,55.0,2.0,E-Bike,,
2023-09-24 03:38:00,574,47.45041071949902,8.563071583930034,Flughafen Kloten,Veloabstellplatz Parking 2,8302,Kloten,True,16,Active,6,Zürich,4674.0,503144,53.0,2.0,E-Bike,,
2023-09-24 03:38:00,574,47.45041071949902,8.563071583930034,Flughafen Kloten,Veloabstellplatz Parking 2,8302,Kloten,True,16,Active,6,Zürich,3268.0,102861,,1.0,Bike,,
2023-09-24 03:38:00,574,47.45041071949902,8.563071583930034,Flughafen Kloten,Veloabstellplatz Parking 2,8302,Kloten,True,16,Active,6,Zürich,2869.0,102660,,1.0,Bike,,
2023-09-24 03:38:00,574,47.45041071949902,8.563071583930034,Flughafen Kloten,Veloabstellplatz Parking 2,8302,Kloten,True,16,Active,6,Zürich,832.0,500101,61.0,2.0,E-Bike,,
2023-09-24 03:38:00,574,47.45041071949902,8.563071583930034,Flughafen Kloten,Veloabstellplatz Parking 2,8302,Kloten,True,16,Active,6,Zürich,3062.0,102720,,1.0,Bike,,
2023-09-24 03:38:00,179,46.9454695,7.3928104,Schwabgut,Schwabstrasse 10,3018,Bern,True,6,Active,5,Bern,4536.0,104294,,1.0,Bike,,
2023-09-24 03:38:00,179,46.9454695,7.3928104,Schwabgut,Schwabstrasse 10,3018,Bern,True,6,Active,5,Bern,1234.0,503836,58.0,2.0,E-Bike,,
2023-09-24 03:38:00,735,46.30442257745524,6.169752668043726,"Mies, Administration",Route de Veytey,1295,Mies,True,21,Active,9,Région de Nyon,1303.0,101082,,1.0,Bike,,
2023-09-24 03:38:00,735,46.30442257745524,6.169752668043726,"Mies, Administration",Route de Veytey,1295,Mies,True,21,Active,9,Région de Nyon,5211.0,103978,,1.0,Bike,,
2023-09-24 03:38:00,735,46.30442257745524,6.169752668043726,"Mies, Administration",Route de Veytey,1295,Mies,True,21,Active,9,Région de Nyon,5847.0,504124,54.0,2.0,E-Bike,,
2023-09-24 03:38:00,735,46.30442257745524,6.169752668043726,"Mies, Administration",Route de Veytey,1295,Mies,True,21,Active,9,Région de Nyon,5669.0,503615,68.0,2.0,E-Bike,,
2023-09-24 03:38:00,735,46.30442257745524,6.169752668043726,"Mies, Administration",Route de Veytey,1295,Mies,True,21,Active,9,Région de Nyon,1711.0,504145,24.0,2.0,E-Bike,,
2023-09-24 03:38:00,735,46.30442257745524,6.169752668043726,"Mies, Administration",Route de Veytey,1295,Mies,True,21,Active,9,Région de Nyon,1724.0,501642,19.0,2.0,E-Bike,,
2023-09-24 03:38:00,735,46.30442257745524,6.169752668043726,"Mies, Administration",Route de Veytey,1295,Mies,True,21,Active,9,Région de Nyon,1946.0,500994,33.0,2.0,E-Bike,,
2023-09-24 03:38:00,735,46.30442257745524,6.169752668043726,"Mies, Administration",Route de Veytey,1295,Mies,True,21,Active,9,Région de Nyon,5200.0,502911,34.0,2.0,E-Bike,,
2023-09-24 03:38:00,668,46.93369386095887,7.423407106637636,Jägerweg,Schwarzenburgstrasse 105,3097,Köniz,True,80,Active,5,Bern,4538.0,104281,,1.0,Bike,,
2023-09-24 03:38:00,668,46.93369386095887,7.423407106637636,Jägerweg,Schwarzenburgstrasse 105,3097,Köniz,True,80,Active,5,Bern,1092.0,500446,33.0,2.0,E-Bike,,
2023-09-24 03:38:00,668,46.93369386095887,7.423407106637636,Jägerweg,Schwarzenburgstrasse 105,3097,Köniz,True,80,Active,5,Bern,6174.0,504076,16.0,2.0,E-Bike,,
2023-09-24 03:38:00,668,46.93369386095887,7.423407106637636,Jägerweg,Schwarzenburgstrasse 105,3097,Köniz,True,80,Active,5,Bern,3472.0,502151,91.0,2.0,E-Bike,,
2023-09-24 03:38:00,668,46.93369386095887,7.423407106637636,Jägerweg,Schwarzenburgstrasse 105,3097,Köniz,True,80,Active,5,Bern,1228.0,101533,,1.0,Bike,,
2023-09-24 03:38:00,668,46.93369386095887,7.423407106637636,Jägerweg,Schwarzenburgstrasse 105,3097,Köniz,True,80,Active,5,Bern,3498.0,502185,43.0,2.0,E-Bike,,
2023-09-24 03:38:00,668,46.93369386095887,7.423407106637636,Jägerweg,Schwarzenburgstrasse 105,3097,Köniz,True,80,Active,5,Bern,5998.0,503528,47.0,2.0,E-Bike,,
2023-09-24 03:38:00,816,46.9694975302973,7.485804790590767,UPD Neuhaus,u. Zollgasse 99,3063,Ittigen,True,80,Active,5,Bern,1380.0,501878,29.0,2.0,E-Bike,,
2023-09-24 03:38:00,816,46.9694975302973,7.485804790590767,UPD Neuhaus,u. Zollgasse 99,3063,Ittigen,True,80,Active,5,Bern,3719.0,103082,,1.0,Bike,,
2023-09-24 03:38:00,816,46.9694975302973,7.485804790590767,UPD Neuhaus,u. Zollgasse 99,3063,Ittigen,True,80,Active,5,Bern,4622.0,503097,92.0,2.0,E-Bike,,
2023-09-24 03:38:00,816,46.9694975302973,7.485804790590767,UPD Neuhaus,u. Zollgasse 99,3063,Ittigen,True,80,Active,5,Bern,4364.0,503214,98.0,2.0,E-Bike,,
2023-09-24 03:38:00,816,46.9694975302973,7.485804790590767,UPD Neuhaus,u. Zollgasse 99,3063,Ittigen,True,80,Active,5,Bern,1129.0,502672,70.0,2.0,E-Bike,,
2023-09-24 03:38:00,816,46.9694975302973,7.485804790590767,UPD Neuhaus,u. Zollgasse 99,3063,Ittigen,True,80,Active,5,Bern,4011.0,500799,99.0,2.0,E-Bike,,
2023-09-24 03:38:00,602,47.000176,7.461966,Zollikofen Bahnhof,Bernstrasse 189,3052,Zollikofen,True,32,Active,5,Bern,1395.0,500496,50.0,2.0,E-Bike,,
2023-09-24 03:38:00,602,47.000176,7.461966,Zollikofen Bahnhof,Bernstrasse 189,3052,Zollikofen,True,32,Active,5,Bern,1675.0,501686,81.0,2.0,E-Bike,,
2023-09-24 03:38:00,298,46.9427331,7.4595458,Seminar,Seminarstrasse 15,3006,Bern,True,10,Active,5,Bern,2023.0,502587,55.0,2.0,E-Bike,,
2023-09-24 03:38:00,298,46.9427331,7.4595458,Seminar,Seminarstrasse 15,3006,Bern,True,10,Active,5,Bern,4311.0,500654,14.0,2.0,E-Bike,,
2023-09-24 03:38:00,298,46.9427331,7.4595458,Seminar,Seminarstrasse 15,3006,Bern,True,10,Active,5,Bern,4310.0,500657,37.0,2.0,E-Bike,,
2023-09-24 03:38:00,453,47.3836391,8.4941268,Flurpark,Flurstrasse 62,8048,Zürich,True,19,Active,6,Zürich,461.0,101152,,1.0,Bike,,
2023-09-24 03:38:00,453,47.3836391,8.4941268,Flurpark,Flurstrasse 62,8048,Zürich,True,19,Active,6,Zürich,665.0,101404,,1.0,Bike,,
2023-09-24 03:38:00,453,47.3836391,8.4941268,Flurpark,Flurstrasse 62,8048,Zürich,True,19,Active,6,Zürich,3656.0,103050,,1.0,Bike,,
2023-09-24 03:38:00,846,46.09704185231821,8.922324370246264,Mezzovico Piazza Vira,Via la Cuntrada,6805,Mezzovico-Vira,True,18,Active,3,Sottoceneri (TI),4075.0,103304,,1.0,Bike,,
2023-09-24 03:38:00,846,46.09704185231821,8.922324370246264,Mezzovico Piazza Vira,Via la Cuntrada,6805,Mezzovico-Vira,True,18,Active,3,Sottoceneri (TI),5508.0,104148,,1.0,Bike,,
2023-09-24 03:38:00,190,46.9603316,7.4614522,Tellstrasse EJPD,Wankdorfstrasse 1,3014,Bern,True,10,Active,5,Bern,2571.0,501575,61.0,2.0,E-Bike,,
2023-09-24 03:38:00,190,46.9603316,7.4614522,Tellstrasse EJPD,Wankdorfstrasse 1,3014,Bern,True,10,Active,5,Bern,1398.0,502623,75.0,2.0,E-Bike,,
2023-09-24 03:38:00,190,46.9603316,7.4614522,Tellstrasse EJPD,Wankdorfstrasse 1,3014,Bern,True,10,Active,5,Bern,3983.0,103324,,1.0,Bike,,
2023-09-24 03:38:00,190,46.9603316,7.4614522,Tellstrasse EJPD,Wankdorfstrasse 1,3014,Bern,True,10,Active,5,Bern,3254.0,501045,59.0,2.0,E-Bike,,
2023-09-24 03:38:00,190,46.9603316,7.4614522,Tellstrasse EJPD,Wankdorfstrasse 1,3014,Bern,True,10,Active,5,Bern,1266.0,502592,15.0,2.0,E-Bike,,
2023-09-24 03:38:00,190,46.9603316,7.4614522,Tellstrasse EJPD,Wankdorfstrasse 1,3014,Bern,True,10,Active,5,Bern,2487.0,501168,63.0,2.0,E-Bike,,
2023-09-24 03:38:00,190,46.9603316,7.4614522,Tellstrasse EJPD,Wankdorfstrasse 1,3014,Bern,True,10,Active,5,Bern,3611.0,102981,,1.0,Bike,,
2023-09-24 03:38:00,190,46.9603316,7.4614522,Tellstrasse EJPD,Wankdorfstrasse 1,3014,Bern,True,10,Active,5,Bern,4493.0,503031,67.0,2.0,E-Bike,,
2023-09-24 03:38:00,190,46.9603316,7.4614522,Tellstrasse EJPD,Wankdorfstrasse 1,3014,Bern,True,10,Active,5,Bern,2522.0,502649,19.0,2.0,E-Bike,,
2023-09-24 03:38:00,190,46.9603316,7.4614522,Tellstrasse EJPD,Wankdorfstrasse 1,3014,Bern,True,10,Active,5,Bern,1104.0,501103,41.0,2.0,E-Bike,,
2023-09-24 03:38:00,209,46.022676,8.917196,Manno Centro di Calcolo,Via Cantonale 16,6928,Manno,True,80,Active,3,Sottoceneri (TI),5474.0,104454,,1.0,Bike,,
2023-09-24 03:38:00,209,46.022676,8.917196,Manno Centro di Calcolo,Via Cantonale 16,6928,Manno,True,80,Active,3,Sottoceneri (TI),5538.0,104887,,1.0,Bike,,
2023-09-24 03:38:00,209,46.022676,8.917196,Manno Centro di Calcolo,Via Cantonale 16,6928,Manno,True,80,Active,3,Sottoceneri (TI),4126.0,502194,81.0,2.0,E-Bike,,
2023-09-24 03:38:00,772,46.9191591,7.4383865,Gurten Kulm,Gurten - Park im Grünen,3084,Köniz,True,80,Active (empty),5,Bern,,,,,,,
2023-09-24 03:38:00,597,46.941383,7.448788,Museen Bernastrasse,Bernastrasse 23,3005,Bern,True,40,Active,5,Bern,3990.0,103286,,1.0,Bike,,
2023-09-24 03:38:00,597,46.941383,7.448788,Museen Bernastrasse,Bernastrasse 23,3005,Bern,True,40,Active,5,Bern,4014.0,500864,19.0,2.0,E-Bike,,
2023-09-24 03:38:00,597,46.941383,7.448788,Museen Bernastrasse,Bernastrasse 23,3005,Bern,True,40,Active,5,Bern,2138.0,101965,,1.0,Bike,,
2023-09-24 03:38:00,597,46.941383,7.448788,Museen Bernastrasse,Bernastrasse 23,3005,Bern,True,40,Active,5,Bern,4558.0,102155,,1.0,Bike,,
2023-09-24 03:38:00,597,46.941383,7.448788,Museen Bernastrasse,Bernastrasse 23,3005,Bern,True,40,Active,5,Bern,4357.0,503211,54.0,2.0,E-Bike,,
2023-09-24 03:38:00,597,46.941383,7.448788,Museen Bernastrasse,Bernastrasse 23,3005,Bern,True,40,Active,5,Bern,4623.0,501077,33.0,2.0,E-Bike,,
2023-09-24 03:38:00,597,46.941383,7.448788,Museen Bernastrasse,Bernastrasse 23,3005,Bern,True,40,Active,5,Bern,4575.0,104299,,1.0,Bike,,
2023-09-24 03:38:00,597,46.941383,7.448788,Museen Bernastrasse,Bernastrasse 23,3005,Bern,True,40,Active,5,Bern,2287.0,102443,,1.0,Bike,,
2023-09-24 03:38:00,597,46.941383,7.448788,Museen Bernastrasse,Bernastrasse 23,3005,Bern,True,40,Active,5,Bern,4609.0,503066,54.0,2.0,E-Bike,,
2023-09-24 03:38:00,597,46.941383,7.448788,Museen Bernastrasse,Bernastrasse 23,3005,Bern,True,40,Active,5,Bern,2262.0,102040,,1.0,Bike,,
2023-09-24 03:38:00,597,46.941383,7.448788,Museen Bernastrasse,Bernastrasse 23,3005,Bern,True,40,Active,5,Bern,3480.0,502189,37.0,2.0,E-Bike,,
2023-09-24 03:38:00,46,46.021942,8.962901,Via Ciani,Via Giacomo E Filippo Ciani,6900,Lugano,True,11,Active,3,Sottoceneri (TI),5156.0,104118,,1.0,Bike,,
2023-09-24 03:38:00,46,46.021942,8.962901,Via Ciani,Via Giacomo E Filippo Ciani,6900,Lugano,True,11,Active,3,Sottoceneri (TI),5503.0,105129,,1.0,Bike,,
2023-09-24 03:38:00,46,46.021942,8.962901,Via Ciani,Via Giacomo E Filippo Ciani,6900,Lugano,True,11,Active,3,Sottoceneri (TI),5164.0,103360,,1.0,Bike,,
2023-09-24 03:38:00,46,46.021942,8.962901,Via Ciani,Via Giacomo E Filippo Ciani,6900,Lugano,True,11,Active,3,Sottoceneri (TI),5462.0,104560,,1.0,Bike,,
2023-09-24 03:38:00,46,46.021942,8.962901,Via Ciani,Via Giacomo E Filippo Ciani,6900,Lugano,True,11,Active,3,Sottoceneri (TI),5619.0,104121,,1.0,Bike,,
2023-09-24 03:38:00,46,46.021942,8.962901,Via Ciani,Via Giacomo E Filippo Ciani,6900,Lugano,True,11,Active,3,Sottoceneri (TI),5137.0,104142,,1.0,Bike,,
2023-09-24 03:38:00,46,46.021942,8.962901,Via Ciani,Via Giacomo E Filippo Ciani,6900,Lugano,True,11,Active,3,Sottoceneri (TI),5514.0,104568,,1.0,Bike,,
2023-09-24 03:38:00,46,46.021942,8.962901,Via Ciani,Via Giacomo E Filippo Ciani,6900,Lugano,True,11,Active,3,Sottoceneri (TI),5041.0,502861,55.0,2.0,E-Bike,,
2023-09-24 03:38:00,46,46.021942,8.962901,Via Ciani,Via Giacomo E Filippo Ciani,6900,Lugano,True,11,Active,3,Sottoceneri (TI),4200.0,102103,,1.0,Bike,,
2023-09-24 03:38:00,874,46.86924,9.54073,Klinik Waldhaus,Loestrasse 220,7000,Chur,True,80,Active,11,Chur,2010.0,501945,80.0,2.0,E-Bike,61.0,Sponsor 61
2023-09-24 03:38:00,874,46.86924,9.54073,Klinik Waldhaus,Loestrasse 220,7000,Chur,True,80,Active,11,Chur,2717.0,501025,71.0,2.0,E-Bike,61.0,Sponsor 61
2023-09-24 03:38:00,874,46.86924,9.54073,Klinik Waldhaus,Loestrasse 220,7000,Chur,True,80,Active,11,Chur,4981.0,502569,77.0,2.0,E-Bike,61.0,Sponsor 61
2023-09-24 03:38:00,874,46.86924,9.54073,Klinik Waldhaus,Loestrasse 220,7000,Chur,True,80,Active,11,Chur,3068.0,102818,,1.0,Bike,61.0,Sponsor 61
2023-09-24 03:38:00,874,46.86924,9.54073,Klinik Waldhaus,Loestrasse 220,7000,Chur,True,80,Active,11,Chur,2250.0,102028,,1.0,Bike,61.0,Sponsor 61
2023-09-24 03:38:00,720,45.855005125749834,9.002221444016275,Castel S. Pietro alle Zocche,Via alle Zocche 7-3,6874,Castel San Pietro,True,26,Active,3,Sottoceneri (TI),5635.0,105219,,1.0,Bike,,
2023-09-24 03:38:00,720,45.855005125749834,9.002221444016275,Castel S. Pietro alle Zocche,Via alle Zocche 7-3,6874,Castel San Pietro,True,26,Active,3,Sottoceneri (TI),1696.0,101702,,1.0,Bike,,
2023-09-24 03:38:00,720,45.855005125749834,9.002221444016275,Castel S. Pietro alle Zocche,Via alle Zocche 7-3,6874,Castel San Pietro,True,26,Active,3,Sottoceneri (TI),179.0,100169,,1.0,Bike,,
2023-09-24 03:38:00,278,47.417701,8.545602,Emil-Oberhänsli,Felsenrainstrasse 2,8050,Zürich,True,8,Active,6,Zürich,2678.0,501046,22.0,2.0,E-Bike,,
2023-09-24 03:38:00,278,47.417701,8.545602,Emil-Oberhänsli,Felsenrainstrasse 2,8050,Zürich,True,8,Active,6,Zürich,753.0,503457,73.0,2.0,E-Bike,,
2023-09-24 03:38:00,278,47.417701,8.545602,Emil-Oberhänsli,Felsenrainstrasse 2,8050,Zürich,True,8,Active,6,Zürich,2691.0,501385,54.0,2.0,E-Bike,,
2023-09-24 03:38:00,278,47.417701,8.545602,Emil-Oberhänsli,Felsenrainstrasse 2,8050,Zürich,True,8,Active,6,Zürich,4652.0,503090,53.0,2.0,E-Bike,,
2023-09-24 03:38:00,278,47.417701,8.545602,Emil-Oberhänsli,Felsenrainstrasse 2,8050,Zürich,True,8,Active,6,Zürich,2436.0,102577,,1.0,Bike,,
2023-09-24 03:38:00,257,46.9480422,7.4502406,Simsonbrunnen,Kramgasse 40,3011,Bern,True,8,Active,5,Bern,2561.0,101844,,1.0,Bike,,
2023-09-24 03:38:00,257,46.9480422,7.4502406,Simsonbrunnen,Kramgasse 40,3011,Bern,True,8,Active,5,Bern,4089.0,500616,34.0,2.0,E-Bike,,
2023-09-24 03:38:00,257,46.9480422,7.4502406,Simsonbrunnen,Kramgasse 40,3011,Bern,True,8,Active,5,Bern,4598.0,503060,89.0,2.0,E-Bike,,
2023-09-24 03:38:00,257,46.9480422,7.4502406,Simsonbrunnen,Kramgasse 40,3011,Bern,True,8,Active,5,Bern,2169.0,102010,,1.0,Bike,,
2023-09-24 03:38:00,257,46.9480422,7.4502406,Simsonbrunnen,Kramgasse 40,3011,Bern,True,8,Active,5,Bern,3148.0,102183,,1.0,Bike,,
2023-09-24 03:38:00,257,46.9480422,7.4502406,Simsonbrunnen,Kramgasse 40,3011,Bern,True,8,Active,5,Bern,4006.0,103312,,1.0,Bike,,
2023-09-24 03:38:00,257,46.9480422,7.4502406,Simsonbrunnen,Kramgasse 40,3011,Bern,True,8,Active,5,Bern,1094.0,101365,,1.0,Bike,,
2023-09-24 03:38:00,257,46.9480422,7.4502406,Simsonbrunnen,Kramgasse 40,3011,Bern,True,8,Active,5,Bern,1061.0,101496,,1.0,Bike,,
2023-09-24 03:38:00,169,46.4223802,6.2585274,"Gland, Les Tuillières",Rue des Tuillières 1,1196,Gland,True,24,Active,9,Région de Nyon,5170.0,502909,51.0,2.0,E-Bike,,
2023-09-24 03:38:00,169,46.4223802,6.2585274,"Gland, Les Tuillières",Rue des Tuillières 1,1196,Gland,True,24,Active,9,Région de Nyon,1304.0,101063,,1.0,Bike,,
2023-09-24 03:38:00,169,46.4223802,6.2585274,"Gland, Les Tuillières",Rue des Tuillières 1,1196,Gland,True,24,Active,9,Région de Nyon,5179.0,103949,,1.0,Bike,,
2023-09-24 03:38:00,169,46.4223802,6.2585274,"Gland, Les Tuillières",Rue des Tuillières 1,1196,Gland,True,24,Active,9,Région de Nyon,5855.0,504128,56.0,2.0,E-Bike,,
2023-09-24 03:38:00,169,46.4223802,6.2585274,"Gland, Les Tuillières",Rue des Tuillières 1,1196,Gland,True,24,Active,9,Région de Nyon,5233.0,502938,68.0,2.0,E-Bike,,
2023-09-24 03:38:00,169,46.4223802,6.2585274,"Gland, Les Tuillières",Rue des Tuillières 1,1196,Gland,True,24,Active,9,Région de Nyon,240.0,504411,35.0,2.0,E-Bike,,
2023-09-24 03:38:00,646,46.798038,7.119618,Bois de Moncor,Route de Petit-Moncor 1A,1752,Villars-sur-Glâne,True,26,Active,8,Fribourg,5244.0,502434,60.0,2.0,E-Bike,26.0,Sponsor 26
2023-09-24 03:38:00,646,46.798038,7.119618,Bois de Moncor,Route de Petit-Moncor 1A,1752,Villars-sur-Glâne,True,26,Active,8,Fribourg,1890.0,503601,42.0,2.0,E-Bike,26.0,Sponsor 26
2023-09-24 03:38:00,646,46.798038,7.119618,Bois de Moncor,Route de Petit-Moncor 1A,1752,Villars-sur-Glâne,True,26,Active,8,Fribourg,5248.0,502430,49.0,2.0,E-Bike,26.0,Sponsor 26
2023-09-24 03:38:00,706,45.903314,8.979073,Capolago Stazione FFS,Via Famiglia Carlo Scacchi,6825,Capolago,True,21,Active,3,Sottoceneri (TI),5162.0,104126,,1.0,Bike,,
2023-09-24 03:38:00,706,45.903314,8.979073,Capolago Stazione FFS,Via Famiglia Carlo Scacchi,6825,Capolago,True,21,Active,3,Sottoceneri (TI),1344.0,100231,84.0,2.0,E-Bike,,
2023-09-24 03:38:00,706,45.903314,8.979073,Capolago Stazione FFS,Via Famiglia Carlo Scacchi,6825,Capolago,True,21,Active,3,Sottoceneri (TI),5592.0,104796,,1.0,Bike,,
2023-09-24 03:38:00,706,45.903314,8.979073,Capolago Stazione FFS,Via Famiglia Carlo Scacchi,6825,Capolago,True,21,Active,3,Sottoceneri (TI),5378.0,104493,,1.0,Bike,,
2023-09-24 03:38:00,392,47.393309,8.528074,Röschibachplatz,Röschibachstrasse 73,8037,Zürich,True,11,Active,6,Zürich,3974.0,500841,28.0,2.0,E-Bike,,
2023-09-24 03:38:00,392,47.393309,8.528074,Röschibachplatz,Röschibachstrasse 73,8037,Zürich,True,11,Active,6,Zürich,4810.0,500573,20.0,2.0,E-Bike,,
2023-09-24 03:38:00,392,47.393309,8.528074,Röschibachplatz,Röschibachstrasse 73,8037,Zürich,True,11,Active,6,Zürich,2908.0,102426,,1.0,Bike,,
2023-09-24 03:38:00,392,47.393309,8.528074,Röschibachplatz,Röschibachstrasse 73,8037,Zürich,True,11,Active,6,Zürich,4830.0,500571,66.0,2.0,E-Bike,,
2023-09-24 03:38:00,392,47.393309,8.528074,Röschibachplatz,Röschibachstrasse 73,8037,Zürich,True,11,Active,6,Zürich,1560.0,501657,78.0,2.0,E-Bike,,
2023-09-24 03:38:00,392,47.393309,8.528074,Röschibachplatz,Röschibachstrasse 73,8037,Zürich,True,11,Active,6,Zürich,3546.0,503665,20.0,2.0,E-Bike,,
2023-09-24 03:38:00,392,47.393309,8.528074,Röschibachplatz,Röschibachstrasse 73,8037,Zürich,True,11,Active,6,Zürich,4809.0,500570,48.0,2.0,E-Bike,,
2023-09-24 03:38:00,392,47.393309,8.528074,Röschibachplatz,Röschibachstrasse 73,8037,Zürich,True,11,Active,6,Zürich,4678.0,503149,58.0,2.0,E-Bike,,
2023-09-24 03:38:00,392,47.393309,8.528074,Röschibachplatz,Röschibachstrasse 73,8037,Zürich,True,11,Active,6,Zürich,3704.0,103098,,1.0,Bike,,
2023-09-24 03:38:00,392,47.393309,8.528074,Röschibachplatz,Röschibachstrasse 73,8037,Zürich,True,11,Active,6,Zürich,4877.0,500586,58.0,2.0,E-Bike,,
2023-09-24 03:38:00,392,47.393309,8.528074,Röschibachplatz,Röschibachstrasse 73,8037,Zürich,True,11,Active,6,Zürich,4816.0,500603,75.0,2.0,E-Bike,,
2023-09-24 03:38:00,392,47.393309,8.528074,Röschibachplatz,Röschibachstrasse 73,8037,Zürich,True,11,Active,6,Zürich,881.0,503684,45.0,2.0,E-Bike,,
2023-09-24 03:38:00,392,47.393309,8.528074,Röschibachplatz,Röschibachstrasse 73,8037,Zürich,True,11,Active,6,Zürich,4377.0,503234,57.0,2.0,E-Bike,,
2023-09-24 03:38:00,40,45.9242,8.9192,Morcote,Riva Dal Garavéll 8,6922,Morcote,True,14,Active,3,Sottoceneri (TI),5382.0,104499,,1.0,Bike,,
2023-09-24 03:38:00,40,45.9242,8.9192,Morcote,Riva Dal Garavéll 8,6922,Morcote,True,14,Active,3,Sottoceneri (TI),5494.0,503626,91.0,2.0,E-Bike,,
2023-09-24 03:38:00,40,45.9242,8.9192,Morcote,Riva Dal Garavéll 8,6922,Morcote,True,14,Active,3,Sottoceneri (TI),125.0,100265,93.0,2.0,E-Bike,,
2023-09-24 03:38:00,40,45.9242,8.9192,Morcote,Riva Dal Garavéll 8,6922,Morcote,True,14,Active,3,Sottoceneri (TI),191.0,100066,,1.0,Bike,,
2023-09-24 03:38:00,40,45.9242,8.9192,Morcote,Riva Dal Garavéll 8,6922,Morcote,True,14,Active,3,Sottoceneri (TI),172.0,100202,,1.0,Bike,,
2023-09-24 03:38:00,40,45.9242,8.9192,Morcote,Riva Dal Garavéll 8,6922,Morcote,True,14,Active,3,Sottoceneri (TI),5632.0,105239,,1.0,Bike,,
2023-09-24 03:38:00,6,46.518108,6.564945,Colladon,Route J-D. Colladon,1015,Ecublens,True,24,Active (empty),2,Lausanne-Morges,,,,,,5.0,Sponsor 05
2023-09-24 03:38:00,445,47.4095467,8.5563463,Hallenbad Oerlikon,Kühriedweg,8050,Zürich,True,13,Active,6,Zürich,4702.0,500710,74.0,2.0,E-Bike,,
2023-09-24 03:38:00,445,47.4095467,8.5563463,Hallenbad Oerlikon,Kühriedweg,8050,Zürich,True,13,Active,6,Zürich,2655.0,501419,58.0,2.0,E-Bike,,
2023-09-24 03:38:00,445,47.4095467,8.5563463,Hallenbad Oerlikon,Kühriedweg,8050,Zürich,True,13,Active,6,Zürich,4373.0,503248,85.0,2.0,E-Bike,,
2023-09-24 03:38:00,445,47.4095467,8.5563463,Hallenbad Oerlikon,Kühriedweg,8050,Zürich,True,13,Active,6,Zürich,2851.0,501560,,2.0,E-Bike,,
2023-09-24 03:38:00,445,47.4095467,8.5563463,Hallenbad Oerlikon,Kühriedweg,8050,Zürich,True,13,Active,6,Zürich,3534.0,500833,36.0,2.0,E-Bike,,
2023-09-24 03:38:00,445,47.4095467,8.5563463,Hallenbad Oerlikon,Kühriedweg,8050,Zürich,True,13,Active,6,Zürich,3365.0,501248,14.0,2.0,E-Bike,,
2023-09-24 03:38:00,445,47.4095467,8.5563463,Hallenbad Oerlikon,Kühriedweg,8050,Zürich,True,13,Active,6,Zürich,1832.0,503545,28.0,2.0,E-Bike,,
2023-09-24 03:38:00,445,47.4095467,8.5563463,Hallenbad Oerlikon,Kühriedweg,8050,Zürich,True,13,Active,6,Zürich,3417.0,502232,15.0,2.0,E-Bike,,
2023-09-24 03:38:00,445,47.4095467,8.5563463,Hallenbad Oerlikon,Kühriedweg,8050,Zürich,True,13,Active,6,Zürich,4840.0,500583,43.0,2.0,E-Bike,,
2023-09-24 03:38:00,445,47.4095467,8.5563463,Hallenbad Oerlikon,Kühriedweg,8050,Zürich,True,13,Active,6,Zürich,2448.0,104467,,1.0,Bike,,
2023-09-24 03:38:00,445,47.4095467,8.5563463,Hallenbad Oerlikon,Kühriedweg,8050,Zürich,True,13,Active,6,Zürich,1550.0,501807,18.0,2.0,E-Bike,,
2023-09-24 03:38:00,445,47.4095467,8.5563463,Hallenbad Oerlikon,Kühriedweg,8050,Zürich,True,13,Active,6,Zürich,632.0,101435,,1.0,Bike,,
2023-09-24 03:38:00,225,46.95560612233403,7.428042090100739,Hochfeldstrasse,Länggassstrasse 74,3012,Bern,True,10,Active,5,Bern,2014.0,501821,37.0,2.0,E-Bike,,
2023-09-24 03:38:00,225,46.95560612233403,7.428042090100739,Hochfeldstrasse,Länggassstrasse 74,3012,Bern,True,10,Active,5,Bern,6199.0,504004,61.0,2.0,E-Bike,,
2023-09-24 03:38:00,225,46.95560612233403,7.428042090100739,Hochfeldstrasse,Länggassstrasse 74,3012,Bern,True,10,Active,5,Bern,4088.0,500613,30.0,2.0,E-Bike,,
2023-09-24 03:38:00,225,46.95560612233403,7.428042090100739,Hochfeldstrasse,Länggassstrasse 74,3012,Bern,True,10,Active,5,Bern,4949.0,502543,29.0,2.0,E-Bike,,
2023-09-24 03:38:00,225,46.95560612233403,7.428042090100739,Hochfeldstrasse,Länggassstrasse 74,3012,Bern,True,10,Active,5,Bern,1015.0,101522,,1.0,Bike,,
2023-09-24 03:38:00,225,46.95560612233403,7.428042090100739,Hochfeldstrasse,Länggassstrasse 74,3012,Bern,True,10,Active,5,Bern,4612.0,503073,62.0,2.0,E-Bike,,
2023-09-24 03:38:00,225,46.95560612233403,7.428042090100739,Hochfeldstrasse,Länggassstrasse 74,3012,Bern,True,10,Active,5,Bern,2322.0,102467,,1.0,Bike,,
2023-09-24 03:38:00,225,46.95560612233403,7.428042090100739,Hochfeldstrasse,Länggassstrasse 74,3012,Bern,True,10,Active,5,Bern,1122.0,504470,70.0,2.0,E-Bike,,
2023-09-24 03:38:00,225,46.95560612233403,7.428042090100739,Hochfeldstrasse,Länggassstrasse 74,3012,Bern,True,10,Active,5,Bern,4956.0,502552,78.0,2.0,E-Bike,,
2023-09-24 03:38:00,225,46.95560612233403,7.428042090100739,Hochfeldstrasse,Länggassstrasse 74,3012,Bern,True,10,Active,5,Bern,2588.0,501593,84.0,2.0,E-Bike,,
2023-09-24 03:38:00,225,46.95560612233403,7.428042090100739,Hochfeldstrasse,Länggassstrasse 74,3012,Bern,True,10,Active,5,Bern,4910.0,502973,90.0,2.0,E-Bike,,
2023-09-24 03:38:00,225,46.95560612233403,7.428042090100739,Hochfeldstrasse,Länggassstrasse 74,3012,Bern,True,10,Active,5,Bern,4606.0,502648,85.0,2.0,E-Bike,,
2023-09-24 03:38:00,225,46.95560612233403,7.428042090100739,Hochfeldstrasse,Länggassstrasse 74,3012,Bern,True,10,Active,5,Bern,3336.0,503477,40.0,2.0,E-Bike,,
2023-09-24 03:38:00,225,46.95560612233403,7.428042090100739,Hochfeldstrasse,Länggassstrasse 74,3012,Bern,True,10,Active,5,Bern,1410.0,500499,44.0,2.0,E-Bike,,
2023-09-24 03:38:00,188,46.95518301852439,7.451799078591182,Viktoriaplatz,Beundenfeldstrasse 2,3013,Bern,True,10,Active (empty),5,Bern,,,,,,,
2023-09-24 03:38:00,29,46.5058,6.6711,Paudex,Route du Lac,1094,Paudex,True,13,Active,2,Lausanne-Morges,3767.0,105182,,1.0,Bike,13.0,Sponsor 13
2023-09-24 03:38:00,29,46.5058,6.6711,Paudex,Route du Lac,1094,Paudex,True,13,Active,2,Lausanne-Morges,6100.0,105087,,1.0,Bike,13.0,Sponsor 13
2023-09-24 03:38:00,29,46.5058,6.6711,Paudex,Route du Lac,1094,Paudex,True,13,Active,2,Lausanne-Morges,280.0,100139,,1.0,Bike,13.0,Sponsor 13
2023-09-24 03:38:00,29,46.5058,6.6711,Paudex,Route du Lac,1094,Paudex,True,13,Active,2,Lausanne-Morges,2048.0,104693,,1.0,Bike,13.0,Sponsor 13
2023-09-24 03:38:00,29,46.5058,6.6711,Paudex,Route du Lac,1094,Paudex,True,13,Active,2,Lausanne-Morges,279.0,100141,,1.0,Bike,13.0,Sponsor 13
2023-09-24 03:38:00,29,46.5058,6.6711,Paudex,Route du Lac,1094,Paudex,True,13,Active,2,Lausanne-Morges,76.0,100123,,1.0,Bike,13.0,Sponsor 13
2023-09-24 03:38:00,29,46.5058,6.6711,Paudex,Route du Lac,1094,Paudex,True,13,Active,2,Lausanne-Morges,293.0,100144,,1.0,Bike,13.0,Sponsor 13
2023-09-24 03:38:00,29,46.5058,6.6711,Paudex,Route du Lac,1094,Paudex,True,13,Active,2,Lausanne-Morges,254.0,100208,,1.0,Bike,13.0,Sponsor 13
2023-09-24 03:38:00,29,46.5058,6.6711,Paudex,Route du Lac,1094,Paudex,True,13,Active,2,Lausanne-Morges,288.0,105196,,1.0,Bike,13.0,Sponsor 13
2023-09-24 03:38:00,133,47.36162,8.554501,Villa Bleuler,Feldeggstrasse 80,8008,Zürich,True,16,Active,6,Zürich,817.0,500414,37.0,2.0,E-Bike,,
2023-09-24 03:38:00,215,46.9520639,7.4615809,Rosengarten Ost,Reiterstrasse 19,3006,Bern,True,10,Active,5,Bern,4953.0,501470,77.0,2.0,E-Bike,,
2023-09-24 03:38:00,215,46.9520639,7.4615809,Rosengarten Ost,Reiterstrasse 19,3006,Bern,True,10,Active,5,Bern,1021.0,500351,36.0,2.0,E-Bike,,
2023-09-24 03:38:00,215,46.9520639,7.4615809,Rosengarten Ost,Reiterstrasse 19,3006,Bern,True,10,Active,5,Bern,4363.0,503213,91.0,2.0,E-Bike,,
2023-09-24 03:38:00,41,45.953905,8.949715,Melide,Via alla Bola,6815,Melide,True,16,Active,3,Sottoceneri (TI),5455.0,503603,88.0,2.0,E-Bike,,
2023-09-24 03:38:00,41,45.953905,8.949715,Melide,Via alla Bola,6815,Melide,True,16,Active,3,Sottoceneri (TI),154.0,100176,,1.0,Bike,,
2023-09-24 03:38:00,41,45.953905,8.949715,Melide,Via alla Bola,6815,Melide,True,16,Active,3,Sottoceneri (TI),5432.0,104523,,1.0,Bike,,
2023-09-24 03:38:00,41,45.953905,8.949715,Melide,Via alla Bola,6815,Melide,True,16,Active,3,Sottoceneri (TI),5096.0,105150,,1.0,Bike,,
2023-09-24 03:38:00,41,45.953905,8.949715,Melide,Via alla Bola,6815,Melide,True,16,Active,3,Sottoceneri (TI),5500.0,104577,,1.0,Bike,,
2023-09-24 03:38:00,182,46.96274,7.46276,Stadion Wankdorf,Morgartenstrasse 1,3014,Bern,True,8,Active,5,Bern,995.0,500332,87.0,2.0,E-Bike,,
2023-09-24 03:38:00,182,46.96274,7.46276,Stadion Wankdorf,Morgartenstrasse 1,3014,Bern,True,8,Active,5,Bern,6032.0,503844,24.0,2.0,E-Bike,,
2023-09-24 03:38:00,182,46.96274,7.46276,Stadion Wankdorf,Morgartenstrasse 1,3014,Bern,True,8,Active,5,Bern,992.0,500331,21.0,2.0,E-Bike,,
2023-09-24 03:38:00,182,46.96274,7.46276,Stadion Wankdorf,Morgartenstrasse 1,3014,Bern,True,8,Active,5,Bern,1440.0,501765,87.0,2.0,E-Bike,,
2023-09-24 03:38:00,182,46.96274,7.46276,Stadion Wankdorf,Morgartenstrasse 1,3014,Bern,True,8,Active,5,Bern,1261.0,501948,68.0,2.0,E-Bike,,
2023-09-24 03:38:00,182,46.96274,7.46276,Stadion Wankdorf,Morgartenstrasse 1,3014,Bern,True,8,Active,5,Bern,3437.0,503501,53.0,2.0,E-Bike,,
2023-09-24 03:38:00,662,47.369181,8.505787,Heuried ZüriMobil Station,Wasserschöpfi,8055,Zürich,True,80,Active,6,Zürich,4733.0,500728,33.0,2.0,E-Bike,,
2023-09-24 03:38:00,662,47.369181,8.505787,Heuried ZüriMobil Station,Wasserschöpfi,8055,Zürich,True,80,Active,6,Zürich,2715.0,501386,53.0,2.0,E-Bike,,
2023-09-24 03:38:00,662,47.369181,8.505787,Heuried ZüriMobil Station,Wasserschöpfi,8055,Zürich,True,80,Active,6,Zürich,4794.0,500716,68.0,2.0,E-Bike,,
2023-09-24 03:38:00,662,47.369181,8.505787,Heuried ZüriMobil Station,Wasserschöpfi,8055,Zürich,True,80,Active,6,Zürich,788.0,500223,32.0,2.0,E-Bike,,
2023-09-24 03:38:00,662,47.369181,8.505787,Heuried ZüriMobil Station,Wasserschöpfi,8055,Zürich,True,80,Active,6,Zürich,2146.0,503674,73.0,2.0,E-Bike,,
2023-09-24 03:38:00,662,47.369181,8.505787,Heuried ZüriMobil Station,Wasserschöpfi,8055,Zürich,True,80,Active,6,Zürich,4695.0,500707,19.0,2.0,E-Bike,,
2023-09-24 03:38:00,662,47.369181,8.505787,Heuried ZüriMobil Station,Wasserschöpfi,8055,Zürich,True,80,Active,6,Zürich,3676.0,103061,,1.0,Bike,,
2023-09-24 03:38:00,662,47.369181,8.505787,Heuried ZüriMobil Station,Wasserschöpfi,8055,Zürich,True,80,Active,6,Zürich,3098.0,104720,,1.0,Bike,,
2023-09-24 03:38:00,662,47.369181,8.505787,Heuried ZüriMobil Station,Wasserschöpfi,8055,Zürich,True,80,Active,6,Zürich,4867.0,500530,32.0,2.0,E-Bike,,
2023-09-24 03:38:00,662,47.369181,8.505787,Heuried ZüriMobil Station,Wasserschöpfi,8055,Zürich,True,80,Active,6,Zürich,745.0,500275,29.0,2.0,E-Bike,,
2023-09-24 03:38:00,662,47.369181,8.505787,Heuried ZüriMobil Station,Wasserschöpfi,8055,Zürich,True,80,Active,6,Zürich,3398.0,503671,97.0,2.0,E-Bike,,
2023-09-24 03:38:00,662,47.369181,8.505787,Heuried ZüriMobil Station,Wasserschöpfi,8055,Zürich,True,80,Active,6,Zürich,511.0,101206,,1.0,Bike,,
2023-09-24 03:38:00,662,47.369181,8.505787,Heuried ZüriMobil Station,Wasserschöpfi,8055,Zürich,True,80,Active,6,Zürich,3696.0,103096,,1.0,Bike,,
2023-09-24 03:38:00,662,47.369181,8.505787,Heuried ZüriMobil Station,Wasserschöpfi,8055,Zürich,True,80,Active,6,Zürich,1592.0,501845,63.0,2.0,E-Bike,,
2023-09-24 03:38:00,662,47.369181,8.505787,Heuried ZüriMobil Station,Wasserschöpfi,8055,Zürich,True,80,Active,6,Zürich,2466.0,102602,,1.0,Bike,,
2023-09-24 03:38:00,662,47.369181,8.505787,Heuried ZüriMobil Station,Wasserschöpfi,8055,Zürich,True,80,Active,6,Zürich,2681.0,501415,45.0,2.0,E-Bike,,
2023-09-24 03:38:00,662,47.369181,8.505787,Heuried ZüriMobil Station,Wasserschöpfi,8055,Zürich,True,80,Active,6,Zürich,1565.0,101645,,1.0,Bike,,
2023-09-24 03:38:00,662,47.369181,8.505787,Heuried ZüriMobil Station,Wasserschöpfi,8055,Zürich,True,80,Active,6,Zürich,708.0,500408,16.0,2.0,E-Bike,,
2023-09-24 03:38:00,662,47.369181,8.505787,Heuried ZüriMobil Station,Wasserschöpfi,8055,Zürich,True,80,Active,6,Zürich,1549.0,501797,25.0,2.0,E-Bike,,
2023-09-24 03:38:00,662,47.369181,8.505787,Heuried ZüriMobil Station,Wasserschöpfi,8055,Zürich,True,80,Active,6,Zürich,4777.0,500742,13.0,2.0,E-Bike,,
2023-09-24 03:38:00,662,47.369181,8.505787,Heuried ZüriMobil Station,Wasserschöpfi,8055,Zürich,True,80,Active,6,Zürich,1562.0,501810,71.0,2.0,E-Bike,,
2023-09-24 03:38:00,662,47.369181,8.505787,Heuried ZüriMobil Station,Wasserschöpfi,8055,Zürich,True,80,Active,6,Zürich,761.0,500290,46.0,2.0,E-Bike,,
2023-09-24 03:38:00,662,47.369181,8.505787,Heuried ZüriMobil Station,Wasserschöpfi,8055,Zürich,True,80,Active,6,Zürich,471.0,101211,,1.0,Bike,,
2023-09-24 03:38:00,662,47.369181,8.505787,Heuried ZüriMobil Station,Wasserschöpfi,8055,Zürich,True,80,Active,6,Zürich,1833.0,500365,41.0,2.0,E-Bike,,
2023-09-24 03:38:00,809,46.530961547725724,6.570954143053104,Cèdres,Allée des Cèdres,1022,Chavannes-près-Renens,True,13,Active,2,Lausanne-Morges,6085.0,104754,,1.0,Bike,47.0,Sponsor 47
2023-09-24 03:38:00,90,47.3917964,8.5056978,Sportweg,Sportweg 25,8005,Zürich,True,27,Active,6,Zürich,2919.0,102216,,1.0,Bike,,
2023-09-24 03:38:00,90,47.3917964,8.5056978,Sportweg,Sportweg 25,8005,Zürich,True,27,Active,6,Zürich,3683.0,103100,,1.0,Bike,,
2023-09-24 03:38:00,90,47.3917964,8.5056978,Sportweg,Sportweg 25,8005,Zürich,True,27,Active,6,Zürich,2930.0,102681,,1.0,Bike,,
2023-09-24 03:38:00,90,47.3917964,8.5056978,Sportweg,Sportweg 25,8005,Zürich,True,27,Active,6,Zürich,3831.0,103228,,1.0,Bike,,
2023-09-24 03:38:00,90,47.3917964,8.5056978,Sportweg,Sportweg 25,8005,Zürich,True,27,Active,6,Zürich,2207.0,101824,,1.0,Bike,,
2023-09-24 03:38:00,90,47.3917964,8.5056978,Sportweg,Sportweg 25,8005,Zürich,True,27,Active,6,Zürich,1509.0,101627,,1.0,Bike,,
2023-09-24 03:38:00,90,47.3917964,8.5056978,Sportweg,Sportweg 25,8005,Zürich,True,27,Active,6,Zürich,4703.0,500686,65.0,2.0,E-Bike,,
2023-09-24 03:38:00,90,47.3917964,8.5056978,Sportweg,Sportweg 25,8005,Zürich,True,27,Active,6,Zürich,4846.0,500595,,2.0,E-Bike,,
2023-09-24 03:38:00,378,46.0082843,8.9512745,Via Ginevra,via Ginevra,6900,Lugnao,True,80,Active,3,Sottoceneri (TI),146.0,100173,,1.0,Bike,,
2023-09-24 03:38:00,378,46.0082843,8.9512745,Via Ginevra,via Ginevra,6900,Lugnao,True,80,Active,3,Sottoceneri (TI),5427.0,104522,,1.0,Bike,,
2023-09-24 03:38:00,378,46.0082843,8.9512745,Via Ginevra,via Ginevra,6900,Lugnao,True,80,Active,3,Sottoceneri (TI),5621.0,104132,,1.0,Bike,,
2023-09-24 03:38:00,378,46.0082843,8.9512745,Via Ginevra,via Ginevra,6900,Lugnao,True,80,Active,3,Sottoceneri (TI),5555.0,105154,,1.0,Bike,,
2023-09-24 03:38:00,378,46.0082843,8.9512745,Via Ginevra,via Ginevra,6900,Lugnao,True,80,Active,3,Sottoceneri (TI),5557.0,104801,,1.0,Bike,,
2023-09-24 03:38:00,378,46.0082843,8.9512745,Via Ginevra,via Ginevra,6900,Lugnao,True,80,Active,3,Sottoceneri (TI),5095.0,104108,,1.0,Bike,,
2023-09-24 03:38:00,378,46.0082843,8.9512745,Via Ginevra,via Ginevra,6900,Lugnao,True,80,Active,3,Sottoceneri (TI),5630.0,104060,,1.0,Bike,,
2023-09-24 03:38:00,366,47.407098,8.55033,Dorflinde,Schwamendingenstrasse 41,8050,Zürich,True,19,Active,6,Zürich,2387.0,102016,,1.0,Bike,,
2023-09-24 03:38:00,366,47.407098,8.55033,Dorflinde,Schwamendingenstrasse 41,8050,Zürich,True,19,Active,6,Zürich,895.0,501091,86.0,2.0,E-Bike,,
2023-09-24 03:38:00,366,47.407098,8.55033,Dorflinde,Schwamendingenstrasse 41,8050,Zürich,True,19,Active,6,Zürich,3052.0,102716,,1.0,Bike,,
2023-09-24 03:38:00,366,47.407098,8.55033,Dorflinde,Schwamendingenstrasse 41,8050,Zürich,True,19,Active,6,Zürich,2615.0,501368,89.0,2.0,E-Bike,,
2023-09-24 03:38:00,82,47.359675,8.535718,Hafen Enge,Mythenquai 50,8002,Zürich,True,32,Active,6,Zürich,1827.0,101337,,1.0,Bike,,
2023-09-24 03:38:00,826,46.988369990781095,7.463319968143853,INFORAMA Zollikofen,Rütti 10,3052,Zollikofen,True,80,Active,5,Bern,4488.0,500649,76.0,2.0,E-Bike,,
2023-09-24 03:38:00,826,46.988369990781095,7.463319968143853,INFORAMA Zollikofen,Rütti 10,3052,Zollikofen,True,80,Active,5,Bern,1008.0,101544,,1.0,Bike,,
2023-09-24 03:38:00,794,46.7909443366818,7.127365724241438,Martinets,Route des Martinets,1752,Villars-sur-Glâne,True,24,Active,8,Fribourg,5003.0,502816,44.0,2.0,E-Bike,26.0,Sponsor 26
2023-09-24 03:38:00,794,46.7909443366818,7.127365724241438,Martinets,Route des Martinets,1752,Villars-sur-Glâne,True,24,Active,8,Fribourg,5920.0,503974,80.0,2.0,E-Bike,26.0,Sponsor 26
2023-09-24 03:38:00,794,46.7909443366818,7.127365724241438,Martinets,Route des Martinets,1752,Villars-sur-Glâne,True,24,Active,8,Fribourg,5879.0,503980,43.0,2.0,E-Bike,26.0,Sponsor 26
2023-09-24 03:38:00,794,46.7909443366818,7.127365724241438,Martinets,Route des Martinets,1752,Villars-sur-Glâne,True,24,Active,8,Fribourg,5696.0,504186,27.0,2.0,E-Bike,26.0,Sponsor 26
2023-09-24 03:38:00,794,46.7909443366818,7.127365724241438,Martinets,Route des Martinets,1752,Villars-sur-Glâne,True,24,Active,8,Fribourg,5967.0,503934,53.0,2.0,E-Bike,26.0,Sponsor 26
2023-09-24 03:38:00,794,46.7909443366818,7.127365724241438,Martinets,Route des Martinets,1752,Villars-sur-Glâne,True,24,Active,8,Fribourg,5259.0,502436,,2.0,E-Bike,26.0,Sponsor 26
2023-09-24 03:38:00,794,46.7909443366818,7.127365724241438,Martinets,Route des Martinets,1752,Villars-sur-Glâne,True,24,Active,8,Fribourg,5285.0,502467,76.0,2.0,E-Bike,26.0,Sponsor 26
2023-09-24 03:38:00,794,46.7909443366818,7.127365724241438,Martinets,Route des Martinets,1752,Villars-sur-Glâne,True,24,Active,8,Fribourg,5339.0,504060,67.0,2.0,E-Bike,26.0,Sponsor 26
2023-09-24 03:38:00,794,46.7909443366818,7.127365724241438,Martinets,Route des Martinets,1752,Villars-sur-Glâne,True,24,Active,8,Fribourg,1911.0,500944,47.0,2.0,E-Bike,26.0,Sponsor 26
2023-09-24 03:38:00,794,46.7909443366818,7.127365724241438,Martinets,Route des Martinets,1752,Villars-sur-Glâne,True,24,Active,8,Fribourg,5300.0,502464,,2.0,E-Bike,26.0,Sponsor 26
2023-09-24 03:38:00,794,46.7909443366818,7.127365724241438,Martinets,Route des Martinets,1752,Villars-sur-Glâne,True,24,Active,8,Fribourg,5976.0,503939,51.0,2.0,E-Bike,26.0,Sponsor 26
2023-09-24 03:38:00,794,46.7909443366818,7.127365724241438,Martinets,Route des Martinets,1752,Villars-sur-Glâne,True,24,Active,8,Fribourg,5979.0,504175,60.0,2.0,E-Bike,26.0,Sponsor 26
2023-09-24 03:38:00,794,46.7909443366818,7.127365724241438,Martinets,Route des Martinets,1752,Villars-sur-Glâne,True,24,Active,8,Fribourg,1896.0,500958,33.0,2.0,E-Bike,26.0,Sponsor 26
2023-09-24 03:38:00,794,46.7909443366818,7.127365724241438,Martinets,Route des Martinets,1752,Villars-sur-Glâne,True,24,Active,8,Fribourg,5292.0,502465,50.0,2.0,E-Bike,26.0,Sponsor 26
2023-09-24 03:38:00,794,46.7909443366818,7.127365724241438,Martinets,Route des Martinets,1752,Villars-sur-Glâne,True,24,Active,8,Fribourg,5929.0,503976,59.0,2.0,E-Bike,26.0,Sponsor 26
2023-09-24 03:38:00,794,46.7909443366818,7.127365724241438,Martinets,Route des Martinets,1752,Villars-sur-Glâne,True,24,Active,8,Fribourg,5732.0,504117,,2.0,E-Bike,26.0,Sponsor 26
2023-09-24 03:38:00,794,46.7909443366818,7.127365724241438,Martinets,Route des Martinets,1752,Villars-sur-Glâne,True,24,Active,8,Fribourg,5678.0,504194,46.0,2.0,E-Bike,26.0,Sponsor 26
2023-09-24 03:38:00,794,46.7909443366818,7.127365724241438,Martinets,Route des Martinets,1752,Villars-sur-Glâne,True,24,Active,8,Fribourg,1933.0,500961,58.0,2.0,E-Bike,26.0,Sponsor 26
2023-09-24 03:38:00,794,46.7909443366818,7.127365724241438,Martinets,Route des Martinets,1752,Villars-sur-Glâne,True,24,Active,8,Fribourg,4245.0,503779,,2.0,E-Bike,26.0,Sponsor 26
2023-09-24 03:38:00,284,46.520469823395864,6.630836110862832,Place de l’Europe,Place Centrale,1003,Lausanne,True,22,Active (empty),2,Lausanne-Morges,,,,,,1.0,Sponsor 01
2023-09-24 03:38:00,499,46.801805,7.136609,Hôpital Fribourgeois,Chemin des Pensionnats,1752,Villars-sur-Glâne,True,24,Active,8,Fribourg,5912.0,503849,41.0,2.0,E-Bike,26.0,Sponsor 26
2023-09-24 03:38:00,499,46.801805,7.136609,Hôpital Fribourgeois,Chemin des Pensionnats,1752,Villars-sur-Glâne,True,24,Active,8,Fribourg,292.0,100143,,1.0,Bike,26.0,Sponsor 26
2023-09-24 03:38:00,499,46.801805,7.136609,Hôpital Fribourgeois,Chemin des Pensionnats,1752,Villars-sur-Glâne,True,24,Active,8,Fribourg,5917.0,503854,48.0,2.0,E-Bike,26.0,Sponsor 26
2023-09-24 03:38:00,430,47.382577,8.546903,Stapferstube,Stapferstrasse 7,8006,Zürich,True,11,Active,6,Zürich,938.0,500407,48.0,2.0,E-Bike,,
2023-09-24 03:38:00,430,47.382577,8.546903,Stapferstube,Stapferstrasse 7,8006,Zürich,True,11,Active,6,Zürich,3121.0,501213,60.0,2.0,E-Bike,,
2023-09-24 03:38:00,429,47.4080095,8.5777038,Luegisland,Luegislandstrasse 412,8051,Zürich,True,10,Active,6,Zürich,2175.0,104490,,1.0,Bike,,
2023-09-24 03:38:00,429,47.4080095,8.5777038,Luegisland,Luegislandstrasse 412,8051,Zürich,True,10,Active,6,Zürich,3971.0,504023,22.0,2.0,E-Bike,,
2023-09-24 03:38:00,429,47.4080095,8.5777038,Luegisland,Luegislandstrasse 412,8051,Zürich,True,10,Active,6,Zürich,739.0,500211,59.0,2.0,E-Bike,,
2023-09-24 03:38:00,429,47.4080095,8.5777038,Luegisland,Luegislandstrasse 412,8051,Zürich,True,10,Active,6,Zürich,627.0,101434,,1.0,Bike,,
2023-09-24 03:38:00,429,47.4080095,8.5777038,Luegisland,Luegislandstrasse 412,8051,Zürich,True,10,Active,6,Zürich,605.0,101399,,1.0,Bike,,
2023-09-24 03:38:00,429,47.4080095,8.5777038,Luegisland,Luegislandstrasse 412,8051,Zürich,True,10,Active,6,Zürich,4736.0,500721,45.0,2.0,E-Bike,,
2023-09-24 03:38:00,429,47.4080095,8.5777038,Luegisland,Luegislandstrasse 412,8051,Zürich,True,10,Active,6,Zürich,4374.0,503260,61.0,2.0,E-Bike,,
2023-09-24 03:38:00,429,47.4080095,8.5777038,Luegisland,Luegislandstrasse 412,8051,Zürich,True,10,Active,6,Zürich,3700.0,103102,,1.0,Bike,,
2023-09-24 03:38:00,429,47.4080095,8.5777038,Luegisland,Luegislandstrasse 412,8051,Zürich,True,10,Active,6,Zürich,858.0,500070,66.0,2.0,E-Bike,,
2023-09-24 03:38:00,429,47.4080095,8.5777038,Luegisland,Luegislandstrasse 412,8051,Zürich,True,10,Active,6,Zürich,576.0,104709,,1.0,Bike,,
2023-09-24 03:38:00,429,47.4080095,8.5777038,Luegisland,Luegislandstrasse 412,8051,Zürich,True,10,Active,6,Zürich,599.0,101410,,1.0,Bike,,
2023-09-24 03:38:00,595,46.940180660348716,7.453043799962409,Jubiläumsplatz,Jubiläumsplatz 2,3005,Bern,True,26,Active,5,Bern,6206.0,504097,95.0,2.0,E-Bike,,
2023-09-24 03:38:00,595,46.940180660348716,7.453043799962409,Jubiläumsplatz,Jubiläumsplatz 2,3005,Bern,True,26,Active,5,Bern,1462.0,101576,,1.0,Bike,,
2023-09-24 03:38:00,595,46.940180660348716,7.453043799962409,Jubiläumsplatz,Jubiläumsplatz 2,3005,Bern,True,26,Active,5,Bern,2117.0,102290,,1.0,Bike,,
2023-09-24 03:38:00,807,46.52654734920485,6.64111195901793,CHUV,Rue du Bugnon,1011,Lausanne,True,22,Active (empty),2,Lausanne-Morges,,,,,,,
2023-09-24 03:38:00,665,46.92962527658024,7.4209414544658925,Liebefeld Park,Bündenackerstrasse 1,3098,Köniz,True,80,Active,5,Bern,3910.0,500797,83.0,2.0,E-Bike,,
2023-09-24 03:38:00,665,46.92962527658024,7.4209414544658925,Liebefeld Park,Bündenackerstrasse 1,3098,Köniz,True,80,Active,5,Bern,955.0,500314,15.0,2.0,E-Bike,,
2023-09-24 03:38:00,612,46.37679,6.23515,"Nyon, La Plage",Route de Genève 12,1260,Nyon,True,22,Active (empty),9,Région de Nyon,,,,,,,
2023-09-24 03:38:00,368,47.3619068,8.5609218,Hegibachplatz,Forchstrasse 99,8032,Zürich,True,11,Active,6,Zürich,3749.0,103125,,1.0,Bike,,
2023-09-24 03:38:00,368,47.3619068,8.5609218,Hegibachplatz,Forchstrasse 99,8032,Zürich,True,11,Active,6,Zürich,3692.0,103056,,1.0,Bike,,
2023-09-24 03:38:00,368,47.3619068,8.5609218,Hegibachplatz,Forchstrasse 99,8032,Zürich,True,11,Active,6,Zürich,2884.0,102651,,1.0,Bike,,
2023-09-24 03:38:00,368,47.3619068,8.5609218,Hegibachplatz,Forchstrasse 99,8032,Zürich,True,11,Active,6,Zürich,771.0,503532,37.0,2.0,E-Bike,,
2023-09-24 03:38:00,368,47.3619068,8.5609218,Hegibachplatz,Forchstrasse 99,8032,Zürich,True,11,Active,6,Zürich,2874.0,102677,,1.0,Bike,,
2023-09-24 03:38:00,368,47.3619068,8.5609218,Hegibachplatz,Forchstrasse 99,8032,Zürich,True,11,Active,6,Zürich,1511.0,104486,,1.0,Bike,,
2023-09-24 03:38:00,379,46.008095,8.957432,Lambertenghi,Via Bertaro Lambertenghi,6900,Lugano,True,80,Active,3,Sottoceneri (TI),5588.0,105221,,1.0,Bike,,
2023-09-24 03:38:00,379,46.008095,8.957432,Lambertenghi,Via Bertaro Lambertenghi,6900,Lugano,True,80,Active,3,Sottoceneri (TI),5357.0,503700,79.0,2.0,E-Bike,,
2023-09-24 03:38:00,379,46.008095,8.957432,Lambertenghi,Via Bertaro Lambertenghi,6900,Lugano,True,80,Active,3,Sottoceneri (TI),5504.0,503629,66.0,2.0,E-Bike,,
2023-09-24 03:38:00,379,46.008095,8.957432,Lambertenghi,Via Bertaro Lambertenghi,6900,Lugano,True,80,Active,3,Sottoceneri (TI),1758.0,101716,,1.0,Bike,,
2023-09-24 03:38:00,379,46.008095,8.957432,Lambertenghi,Via Bertaro Lambertenghi,6900,Lugano,True,80,Active,3,Sottoceneri (TI),5476.0,104456,,1.0,Bike,,
2023-09-24 03:38:00,302,46.938576,7.437862,Wabernstrasse,Wabernstrasse 34,3007,Bern,True,10,Active,5,Bern,998.0,101502,,1.0,Bike,,
2023-09-24 03:38:00,302,46.938576,7.437862,Wabernstrasse,Wabernstrasse 34,3007,Bern,True,10,Active,5,Bern,2534.0,101857,,1.0,Bike,,
2023-09-24 03:38:00,302,46.938576,7.437862,Wabernstrasse,Wabernstrasse 34,3007,Bern,True,10,Active,5,Bern,3799.0,103163,,1.0,Bike,,
2023-09-24 03:38:00,302,46.938576,7.437862,Wabernstrasse,Wabernstrasse 34,3007,Bern,True,10,Active,5,Bern,2951.0,103372,,1.0,Bike,,
2023-09-24 03:38:00,302,46.938576,7.437862,Wabernstrasse,Wabernstrasse 34,3007,Bern,True,10,Active,5,Bern,968.0,101508,,1.0,Bike,,
2023-09-24 03:38:00,302,46.938576,7.437862,Wabernstrasse,Wabernstrasse 34,3007,Bern,True,10,Active,5,Bern,1009.0,101542,,1.0,Bike,,
2023-09-24 03:38:00,302,46.938576,7.437862,Wabernstrasse,Wabernstrasse 34,3007,Bern,True,10,Active,5,Bern,1488.0,101582,,1.0,Bike,,
2023-09-24 03:38:00,302,46.938576,7.437862,Wabernstrasse,Wabernstrasse 34,3007,Bern,True,10,Active,5,Bern,2545.0,800002,,1.0,Bike,,
2023-09-24 03:38:00,302,46.938576,7.437862,Wabernstrasse,Wabernstrasse 34,3007,Bern,True,10,Active,5,Bern,3808.0,103171,,1.0,Bike,,
2023-09-24 03:38:00,302,46.938576,7.437862,Wabernstrasse,Wabernstrasse 34,3007,Bern,True,10,Active,5,Bern,1493.0,101586,,1.0,Bike,,
2023-09-24 03:38:00,302,46.938576,7.437862,Wabernstrasse,Wabernstrasse 34,3007,Bern,True,10,Active,5,Bern,2503.0,501599,36.0,2.0,E-Bike,,
2023-09-24 03:38:00,302,46.938576,7.437862,Wabernstrasse,Wabernstrasse 34,3007,Bern,True,10,Active,5,Bern,2166.0,102000,,1.0,Bike,,
2023-09-24 03:38:00,302,46.938576,7.437862,Wabernstrasse,Wabernstrasse 34,3007,Bern,True,10,Active,5,Bern,1267.0,500492,80.0,2.0,E-Bike,,
2023-09-24 03:38:00,302,46.938576,7.437862,Wabernstrasse,Wabernstrasse 34,3007,Bern,True,10,Active,5,Bern,1635.0,501720,30.0,2.0,E-Bike,,
2023-09-24 03:38:00,302,46.938576,7.437862,Wabernstrasse,Wabernstrasse 34,3007,Bern,True,10,Active,5,Bern,2538.0,101845,,1.0,Bike,,
2023-09-24 03:38:00,302,46.938576,7.437862,Wabernstrasse,Wabernstrasse 34,3007,Bern,True,10,Active,5,Bern,2946.0,102163,,1.0,Bike,,
2023-09-24 03:38:00,670,46.9313589644514,7.446041234885444,Sandrain,Seftigenstrasse 186a,3098,Köniz,True,80,Active,5,Bern,2796.0,501021,71.0,2.0,E-Bike,,
2023-09-24 03:38:00,670,46.9313589644514,7.446041234885444,Sandrain,Seftigenstrasse 186a,3098,Köniz,True,80,Active,5,Bern,4911.0,502646,96.0,2.0,E-Bike,,
2023-09-24 03:38:00,670,46.9313589644514,7.446041234885444,Sandrain,Seftigenstrasse 186a,3098,Köniz,True,80,Active,5,Bern,1994.0,501812,61.0,2.0,E-Bike,,
2023-09-24 03:38:00,742,45.87595168951277,8.987138816048143,Mendrisio Cantine,Viale alle Cantine,6850,Mendrisio,True,18,Active,3,Sottoceneri (TI),5351.0,104596,,1.0,Bike,,
2023-09-24 03:38:00,742,45.87595168951277,8.987138816048143,Mendrisio Cantine,Viale alle Cantine,6850,Mendrisio,True,18,Active,3,Sottoceneri (TI),5466.0,104556,,1.0,Bike,,
2023-09-24 03:38:00,8,46.518951,6.562162,Place Alan Turing,Chemin Alan Turing,1015,Ecublens,True,32,Active (empty),2,Lausanne-Morges,,,,,,5.0,Sponsor 05
2023-09-24 03:38:00,475,46.9475304,7.4521275,Münster,Münstergasse 2,3011,Bern,True,19,Active,5,Bern,1360.0,501875,45.0,2.0,E-Bike,,
2023-09-24 03:38:00,475,46.9475304,7.4521275,Münster,Münstergasse 2,3011,Bern,True,19,Active,5,Bern,3161.0,102707,,1.0,Bike,,
2023-09-24 03:38:00,475,46.9475304,7.4521275,Münster,Münstergasse 2,3011,Bern,True,19,Active,5,Bern,3027.0,102325,,1.0,Bike,,
2023-09-24 03:38:00,475,46.9475304,7.4521275,Münster,Münstergasse 2,3011,Bern,True,19,Active,5,Bern,3181.0,102767,,1.0,Bike,,
2023-09-24 03:38:00,475,46.9475304,7.4521275,Münster,Münstergasse 2,3011,Bern,True,19,Active,5,Bern,4617.0,502615,56.0,2.0,E-Bike,,
2023-09-24 03:38:00,475,46.9475304,7.4521275,Münster,Münstergasse 2,3011,Bern,True,19,Active,5,Bern,1443.0,102291,,1.0,Bike,,
2023-09-24 03:38:00,475,46.9475304,7.4521275,Münster,Münstergasse 2,3011,Bern,True,19,Active,5,Bern,3618.0,102961,,1.0,Bike,,
2023-09-24 03:38:00,757,46.543261033642686,6.661545646440144,Croisettes-Biopôle,Route de la Corniche 2,1066,Epalinges,True,22,Active (empty),2,Lausanne-Morges,,,,,,43.0,Sponsor 43
2023-09-24 03:38:00,177,46.94941743287729,7.381454366484235,Holenackerstrasse,Holenackerstrasse 24,3027,Bern,True,80,Active,5,Bern,1435.0,501763,99.0,2.0,E-Bike,,
2023-09-24 03:38:00,177,46.94941743287729,7.381454366484235,Holenackerstrasse,Holenackerstrasse 24,3027,Bern,True,80,Active,5,Bern,1451.0,501781,99.0,2.0,E-Bike,,
2023-09-24 03:38:00,177,46.94941743287729,7.381454366484235,Holenackerstrasse,Holenackerstrasse 24,3027,Bern,True,80,Active,5,Bern,2539.0,101848,,1.0,Bike,,
2023-09-24 03:38:00,91,47.3917837,8.5181701,Puls 5,Hardturmstrasse 11,8005,Zürich,True,26,Active,6,Zürich,556.0,101195,,1.0,Bike,,
2023-09-24 03:38:00,91,47.3917837,8.5181701,Puls 5,Hardturmstrasse 11,8005,Zürich,True,26,Active,6,Zürich,467.0,101557,,1.0,Bike,,
2023-09-24 03:38:00,452,47.356387,8.526158,Rieterplatz,Waffenplatzstrasse 89,8002,Zürich,True,22,Active,6,Zürich,1521.0,102068,,1.0,Bike,,
2023-09-24 03:38:00,452,47.356387,8.526158,Rieterplatz,Waffenplatzstrasse 89,8002,Zürich,True,22,Active,6,Zürich,3037.0,102341,,1.0,Bike,,
2023-09-24 03:38:00,825,46.95123907638763,7.487040006612239,Waldheimstrasse,Bachstrasse 5-1,3072,Ostermundigen,True,80,Active,5,Bern,4099.0,500897,38.0,2.0,E-Bike,,
2023-09-24 03:38:00,825,46.95123907638763,7.487040006612239,Waldheimstrasse,Bachstrasse 5-1,3072,Ostermundigen,True,80,Active,5,Bern,4013.0,500865,25.0,2.0,E-Bike,,
2023-09-24 03:38:00,825,46.95123907638763,7.487040006612239,Waldheimstrasse,Bachstrasse 5-1,3072,Ostermundigen,True,80,Active,5,Bern,4031.0,500885,81.0,2.0,E-Bike,,
2023-09-24 03:38:00,825,46.95123907638763,7.487040006612239,Waldheimstrasse,Bachstrasse 5-1,3072,Ostermundigen,True,80,Active,5,Bern,4349.0,503190,78.0,2.0,E-Bike,,
2023-09-24 03:38:00,825,46.95123907638763,7.487040006612239,Waldheimstrasse,Bachstrasse 5-1,3072,Ostermundigen,True,80,Active,5,Bern,2586.0,502589,28.0,2.0,E-Bike,,
2023-09-24 03:38:00,825,46.95123907638763,7.487040006612239,Waldheimstrasse,Bachstrasse 5-1,3072,Ostermundigen,True,80,Active,5,Bern,2569.0,501188,21.0,2.0,E-Bike,,
2023-09-24 03:38:00,825,46.95123907638763,7.487040006612239,Waldheimstrasse,Bachstrasse 5-1,3072,Ostermundigen,True,80,Active,5,Bern,2753.0,102313,,1.0,Bike,,
2023-09-24 03:38:00,825,46.95123907638763,7.487040006612239,Waldheimstrasse,Bachstrasse 5-1,3072,Ostermundigen,True,80,Active,5,Bern,3901.0,500798,11.0,2.0,E-Bike,,
2023-09-24 03:38:00,825,46.95123907638763,7.487040006612239,Waldheimstrasse,Bachstrasse 5-1,3072,Ostermundigen,True,80,Active,5,Bern,6202.0,504099,51.0,2.0,E-Bike,,
2023-09-24 03:38:00,825,46.95123907638763,7.487040006612239,Waldheimstrasse,Bachstrasse 5-1,3072,Ostermundigen,True,80,Active,5,Bern,1241.0,501950,84.0,2.0,E-Bike,,
2023-09-24 03:38:00,825,46.95123907638763,7.487040006612239,Waldheimstrasse,Bachstrasse 5-1,3072,Ostermundigen,True,80,Active,5,Bern,1455.0,102256,,1.0,Bike,,
2023-09-24 03:38:00,386,47.384902,8.547904,Rigiplatz,Culmannstrasse 100,8006,Zürich,True,14,Active,6,Zürich,2611.0,503651,68.0,2.0,E-Bike,,
2023-09-24 03:38:00,308,46.9465416,7.4356627,Hallenbad Hirschengraben,Maulbeerstrasse 17,3011,Bern,True,13,Active (empty),5,Bern,,,,,,,
2023-09-24 03:38:00,262,46.9416249,7.4631929,Böcklinstrasse,Brunnadernstrasse 20,3006,Bern,True,10,Active,5,Bern,981.0,500345,44.0,2.0,E-Bike,,
2023-09-24 03:38:00,262,46.9416249,7.4631929,Böcklinstrasse,Brunnadernstrasse 20,3006,Bern,True,10,Active,5,Bern,2524.0,501331,41.0,2.0,E-Bike,,
2023-09-24 03:38:00,262,46.9416249,7.4631929,Böcklinstrasse,Brunnadernstrasse 20,3006,Bern,True,10,Active,5,Bern,4145.0,500901,60.0,2.0,E-Bike,,
2023-09-24 03:38:00,262,46.9416249,7.4631929,Böcklinstrasse,Brunnadernstrasse 20,3006,Bern,True,10,Active,5,Bern,4173.0,502598,84.0,2.0,E-Bike,,
2023-09-24 03:38:00,262,46.9416249,7.4631929,Böcklinstrasse,Brunnadernstrasse 20,3006,Bern,True,10,Active,5,Bern,3344.0,501063,17.0,2.0,E-Bike,,
2023-09-24 03:38:00,732,46.388983510293066,6.223670386094328,"Nyon, Piscine du Cossy",Route de Signy 21,1260,Nyon,True,21,Active,9,Région de Nyon,1297.0,100243,,2.0,E-Bike,,
2023-09-24 03:38:00,732,46.388983510293066,6.223670386094328,"Nyon, Piscine du Cossy",Route de Signy 21,1260,Nyon,True,21,Active,9,Région de Nyon,5174.0,502908,66.0,2.0,E-Bike,,
2023-09-24 03:38:00,732,46.388983510293066,6.223670386094328,"Nyon, Piscine du Cossy",Route de Signy 21,1260,Nyon,True,21,Active,9,Région de Nyon,257.0,100161,,1.0,Bike,,
2023-09-24 03:38:00,732,46.388983510293066,6.223670386094328,"Nyon, Piscine du Cossy",Route de Signy 21,1260,Nyon,True,21,Active,9,Région de Nyon,5693.0,503788,31.0,2.0,E-Bike,,
2023-09-24 03:38:00,732,46.388983510293066,6.223670386094328,"Nyon, Piscine du Cossy",Route de Signy 21,1260,Nyon,True,21,Active,9,Région de Nyon,5203.0,502922,28.0,2.0,E-Bike,,
2023-09-24 03:38:00,203,46.9569128,7.4376583,Bierhübeli,Neubrückstrasse 70,3012,Bern,True,10,Active (empty),5,Bern,,,,,,,
2023-09-24 03:38:00,249,46.000482,8.912639,Muzzano Industria,Via Industria,6933,Muzzano,True,80,Active,3,Sottoceneri (TI),4178.0,104229,,1.0,Bike,25.0,Sponsor 25
2023-09-24 03:38:00,249,46.000482,8.912639,Muzzano Industria,Via Industria,6933,Muzzano,True,80,Active,3,Sottoceneri (TI),178.0,100198,,1.0,Bike,25.0,Sponsor 25
2023-09-24 03:38:00,170,46.420278,6.270556,"Gland, Gare Sud",Rue du Perron 2,1196,Gland,True,35,Active,9,Région de Nyon,5845.0,504131,23.0,2.0,E-Bike,,
2023-09-24 03:38:00,170,46.420278,6.270556,"Gland, Gare Sud",Rue du Perron 2,1196,Gland,True,35,Active,9,Région de Nyon,5694.0,503620,68.0,2.0,E-Bike,,
2023-09-24 03:38:00,125,47.378521,8.496727,Utogrund,Albisriederstrasse 200,8047,Zürich,True,19,Active,6,Zürich,479.0,104487,,1.0,Bike,,
2023-09-24 03:38:00,125,47.378521,8.496727,Utogrund,Albisriederstrasse 200,8047,Zürich,True,19,Active,6,Zürich,3107.0,102846,,1.0,Bike,,
2023-09-24 03:38:00,367,47.368474,8.559983,Römerhof,Ilgenstrasse 22,8032,Zürich,True,8,Active,6,Zürich,3411.0,502250,16.0,2.0,E-Bike,,
2023-09-24 03:38:00,367,47.368474,8.559983,Römerhof,Ilgenstrasse 22,8032,Zürich,True,8,Active,6,Zürich,905.0,500136,38.0,2.0,E-Bike,,
2023-09-24 03:38:00,367,47.368474,8.559983,Römerhof,Ilgenstrasse 22,8032,Zürich,True,8,Active,6,Zürich,902.0,500107,59.0,2.0,E-Bike,,
2023-09-24 03:38:00,367,47.368474,8.559983,Römerhof,Ilgenstrasse 22,8032,Zürich,True,8,Active,6,Zürich,4724.0,500725,40.0,2.0,E-Bike,,
2023-09-24 03:38:00,367,47.368474,8.559983,Römerhof,Ilgenstrasse 22,8032,Zürich,True,8,Active,6,Zürich,3550.0,502169,17.0,2.0,E-Bike,,
2023-09-24 03:38:00,367,47.368474,8.559983,Römerhof,Ilgenstrasse 22,8032,Zürich,True,8,Active,6,Zürich,2409.0,102022,,1.0,Bike,,
2023-09-24 03:38:00,367,47.368474,8.559983,Römerhof,Ilgenstrasse 22,8032,Zürich,True,8,Active,6,Zürich,2815.0,501374,13.0,2.0,E-Bike,,
2023-09-24 03:38:00,367,47.368474,8.559983,Römerhof,Ilgenstrasse 22,8032,Zürich,True,8,Active,6,Zürich,804.0,500269,,2.0,E-Bike,,
2023-09-24 03:38:00,367,47.368474,8.559983,Römerhof,Ilgenstrasse 22,8032,Zürich,True,8,Active,6,Zürich,766.0,500260,40.0,2.0,E-Bike,,
2023-09-24 03:38:00,472,46.9477995,7.454056,Junkerngasse,Junkerngasse 30,3011,Bern,True,21,Active,5,Bern,2284.0,800014,,1.0,Bike,,
2023-09-24 03:38:00,472,46.9477995,7.454056,Junkerngasse,Junkerngasse 30,3011,Bern,True,21,Active,5,Bern,1484.0,102398,,1.0,Bike,,
2023-09-24 03:38:00,472,46.9477995,7.454056,Junkerngasse,Junkerngasse 30,3011,Bern,True,21,Active,5,Bern,1001.0,101527,,1.0,Bike,,
2023-09-24 03:38:00,472,46.9477995,7.454056,Junkerngasse,Junkerngasse 30,3011,Bern,True,21,Active,5,Bern,4543.0,104267,,1.0,Bike,,
2023-09-24 03:38:00,472,46.9477995,7.454056,Junkerngasse,Junkerngasse 30,3011,Bern,True,21,Active,5,Bern,3144.0,102710,,1.0,Bike,,
2023-09-24 03:38:00,472,46.9477995,7.454056,Junkerngasse,Junkerngasse 30,3011,Bern,True,21,Active,5,Bern,2359.0,102503,,1.0,Bike,,
2023-09-24 03:38:00,472,46.9477995,7.454056,Junkerngasse,Junkerngasse 30,3011,Bern,True,21,Active,5,Bern,3880.0,103245,,1.0,Bike,,
2023-09-24 03:38:00,472,46.9477995,7.454056,Junkerngasse,Junkerngasse 30,3011,Bern,True,21,Active,5,Bern,3573.0,103015,,1.0,Bike,,
2023-09-24 03:38:00,472,46.9477995,7.454056,Junkerngasse,Junkerngasse 30,3011,Bern,True,21,Active,5,Bern,1624.0,101676,,1.0,Bike,,
2023-09-24 03:38:00,472,46.9477995,7.454056,Junkerngasse,Junkerngasse 30,3011,Bern,True,21,Active,5,Bern,2126.0,104206,,1.0,Bike,,
2023-09-24 03:38:00,472,46.9477995,7.454056,Junkerngasse,Junkerngasse 30,3011,Bern,True,21,Active,5,Bern,2251.0,102035,,1.0,Bike,,
2023-09-24 03:38:00,426,47.4039845,8.5787183,Kronwiesen,Kronwiesenstrasse 35,8051,Zürich,True,13,Active,6,Zürich,2905.0,102422,,1.0,Bike,,
2023-09-24 03:38:00,426,47.4039845,8.5787183,Kronwiesen,Kronwiesenstrasse 35,8051,Zürich,True,13,Active,6,Zürich,2695.0,501069,75.0,2.0,E-Bike,,
2023-09-24 03:38:00,426,47.4039845,8.5787183,Kronwiesen,Kronwiesenstrasse 35,8051,Zürich,True,13,Active,6,Zürich,3690.0,103075,,1.0,Bike,,
2023-09-24 03:38:00,374,46.88922737105038,7.367057544825261,SwissBikePark Oberried,Oberriedgässli 6,3145,Niederscherli,True,80,Active,5,Bern,4952.0,502551,46.0,2.0,E-Bike,,
2023-09-24 03:38:00,754,46.304039,6.179519,"Mies, Plage",Route Suisse,1295,Mies,True,22,Active,9,Région de Nyon,1341.0,101099,,1.0,Bike,,
2023-09-24 03:38:00,754,46.304039,6.179519,"Mies, Plage",Route Suisse,1295,Mies,True,22,Active,9,Région de Nyon,5722.0,503928,,2.0,E-Bike,,
2023-09-24 03:38:00,754,46.304039,6.179519,"Mies, Plage",Route Suisse,1295,Mies,True,22,Active,9,Région de Nyon,5720.0,503923,68.0,2.0,E-Bike,,
2023-09-24 03:38:00,754,46.304039,6.179519,"Mies, Plage",Route Suisse,1295,Mies,True,22,Active,9,Région de Nyon,5231.0,502932,,2.0,E-Bike,,
2023-09-24 03:38:00,754,46.304039,6.179519,"Mies, Plage",Route Suisse,1295,Mies,True,22,Active,9,Région de Nyon,5208.0,103969,,1.0,Bike,,
2023-09-24 03:38:00,588,46.037002,8.979558,Davesco,Via Vecchio Tram,6964,Davesco-Soragno,True,32,Active,3,Sottoceneri (TI),5068.0,502879,76.0,2.0,E-Bike,,
2023-09-24 03:38:00,588,46.037002,8.979558,Davesco,Via Vecchio Tram,6964,Davesco-Soragno,True,32,Active,3,Sottoceneri (TI),5081.0,502886,91.0,2.0,E-Bike,,
2023-09-24 03:38:00,588,46.037002,8.979558,Davesco,Via Vecchio Tram,6964,Davesco-Soragno,True,32,Active,3,Sottoceneri (TI),5121.0,104042,,1.0,Bike,,
2023-09-24 03:38:00,588,46.037002,8.979558,Davesco,Via Vecchio Tram,6964,Davesco-Soragno,True,32,Active,3,Sottoceneri (TI),4221.0,501530,52.0,2.0,E-Bike,,
2023-09-24 03:38:00,832,46.025237,8.963681,Cornèr Arena - HC Lugano,Via Sonvico di Porza,6900,Lugano,True,40,Active,3,Sottoceneri (TI),4184.0,104228,,1.0,Bike,,
2023-09-24 03:38:00,832,46.025237,8.963681,Cornèr Arena - HC Lugano,Via Sonvico di Porza,6900,Lugano,True,40,Active,3,Sottoceneri (TI),5497.0,503630,36.0,2.0,E-Bike,,
2023-09-24 03:38:00,707,45.86839596516475,8.97806954826163,Mendrisio Stazione FFS,Via Stefano Franscini,6850,Mendrisio,True,18,Active,3,Sottoceneri (TI),4196.0,101872,,1.0,Bike,,
2023-09-24 03:38:00,707,45.86839596516475,8.97806954826163,Mendrisio Stazione FFS,Via Stefano Franscini,6850,Mendrisio,True,18,Active,3,Sottoceneri (TI),4190.0,101920,,1.0,Bike,,
2023-09-24 03:38:00,707,45.86839596516475,8.97806954826163,Mendrisio Stazione FFS,Via Stefano Franscini,6850,Mendrisio,True,18,Active,3,Sottoceneri (TI),1746.0,101722,,1.0,Bike,,
2023-09-24 03:38:00,707,45.86839596516475,8.97806954826163,Mendrisio Stazione FFS,Via Stefano Franscini,6850,Mendrisio,True,18,Active,3,Sottoceneri (TI),5185.0,103956,,1.0,Bike,,
2023-09-24 03:38:00,707,45.86839596516475,8.97806954826163,Mendrisio Stazione FFS,Via Stefano Franscini,6850,Mendrisio,True,18,Active,3,Sottoceneri (TI),5543.0,104885,,1.0,Bike,,
2023-09-24 03:38:00,707,45.86839596516475,8.97806954826163,Mendrisio Stazione FFS,Via Stefano Franscini,6850,Mendrisio,True,18,Active,3,Sottoceneri (TI),5628.0,104807,,1.0,Bike,,
2023-09-24 03:38:00,707,45.86839596516475,8.97806954826163,Mendrisio Stazione FFS,Via Stefano Franscini,6850,Mendrisio,True,18,Active,3,Sottoceneri (TI),5132.0,104074,,1.0,Bike,,
2023-09-24 03:38:00,613,46.39236,6.23137,"Nyon, Hostel",Chemin des Plantaz 27,1260,Nyon,True,18,Active,9,Région de Nyon,5712.0,503793,37.0,2.0,E-Bike,,
2023-09-24 03:38:00,613,46.39236,6.23137,"Nyon, Hostel",Chemin des Plantaz 27,1260,Nyon,True,18,Active,9,Région de Nyon,1730.0,501652,54.0,2.0,E-Bike,,
2023-09-24 03:38:00,613,46.39236,6.23137,"Nyon, Hostel",Chemin des Plantaz 27,1260,Nyon,True,18,Active,9,Région de Nyon,5786.0,103963,,1.0,Bike,,
2023-09-24 03:38:00,613,46.39236,6.23137,"Nyon, Hostel",Chemin des Plantaz 27,1260,Nyon,True,18,Active,9,Région de Nyon,4986.0,102737,,1.0,Bike,,
2023-09-24 03:38:00,613,46.39236,6.23137,"Nyon, Hostel",Chemin des Plantaz 27,1260,Nyon,True,18,Active,9,Région de Nyon,1686.0,501689,21.0,2.0,E-Bike,,
2023-09-24 03:38:00,613,46.39236,6.23137,"Nyon, Hostel",Chemin des Plantaz 27,1260,Nyon,True,18,Active,9,Région de Nyon,5721.0,503931,41.0,2.0,E-Bike,,
2023-09-24 03:38:00,613,46.39236,6.23137,"Nyon, Hostel",Chemin des Plantaz 27,1260,Nyon,True,18,Active,9,Région de Nyon,1953.0,101710,,1.0,Bike,,
2023-09-24 03:38:00,535,46.802937,7.167527,Auge,Place du Petit-Saint-Jean 13a,1700,Fribourg,True,11,Active,8,Fribourg,5812.0,104974,,1.0,Bike,26.0,Sponsor 26
2023-09-24 03:38:00,535,46.802937,7.167527,Auge,Place du Petit-Saint-Jean 13a,1700,Fribourg,True,11,Active,8,Fribourg,5288.0,502466,,2.0,E-Bike,26.0,Sponsor 26
2023-09-24 03:38:00,535,46.802937,7.167527,Auge,Place du Petit-Saint-Jean 13a,1700,Fribourg,True,11,Active,8,Fribourg,4455.0,101871,,1.0,Bike,26.0,Sponsor 26
2023-09-24 03:38:00,535,46.802937,7.167527,Auge,Place du Petit-Saint-Jean 13a,1700,Fribourg,True,11,Active,8,Fribourg,1930.0,500980,29.0,2.0,E-Bike,26.0,Sponsor 26
2023-09-24 03:38:00,535,46.802937,7.167527,Auge,Place du Petit-Saint-Jean 13a,1700,Fribourg,True,11,Active,8,Fribourg,4259.0,501487,60.0,2.0,E-Bike,26.0,Sponsor 26
2023-09-24 03:38:00,535,46.802937,7.167527,Auge,Place du Petit-Saint-Jean 13a,1700,Fribourg,True,11,Active,8,Fribourg,4296.0,104246,,1.0,Bike,26.0,Sponsor 26
2023-09-24 03:38:00,535,46.802937,7.167527,Auge,Place du Petit-Saint-Jean 13a,1700,Fribourg,True,11,Active,8,Fribourg,4484.0,503008,52.0,2.0,E-Bike,26.0,Sponsor 26
2023-09-24 03:38:00,535,46.802937,7.167527,Auge,Place du Petit-Saint-Jean 13a,1700,Fribourg,True,11,Active,8,Fribourg,5258.0,502427,37.0,2.0,E-Bike,26.0,Sponsor 26
2023-09-24 03:38:00,535,46.802937,7.167527,Auge,Place du Petit-Saint-Jean 13a,1700,Fribourg,True,11,Active,8,Fribourg,5303.0,502458,31.0,2.0,E-Bike,26.0,Sponsor 26
2023-09-24 03:38:00,535,46.802937,7.167527,Auge,Place du Petit-Saint-Jean 13a,1700,Fribourg,True,11,Active,8,Fribourg,4449.0,101893,,1.0,Bike,26.0,Sponsor 26
2023-09-24 03:38:00,535,46.802937,7.167527,Auge,Place du Petit-Saint-Jean 13a,1700,Fribourg,True,11,Active,8,Fribourg,4445.0,101901,,1.0,Bike,26.0,Sponsor 26
2023-09-24 03:38:00,535,46.802937,7.167527,Auge,Place du Petit-Saint-Jean 13a,1700,Fribourg,True,11,Active,8,Fribourg,5002.0,502815,55.0,2.0,E-Bike,26.0,Sponsor 26
2023-09-24 03:38:00,535,46.802937,7.167527,Auge,Place du Petit-Saint-Jean 13a,1700,Fribourg,True,11,Active,8,Fribourg,5820.0,104999,,1.0,Bike,26.0,Sponsor 26
2023-09-24 03:38:00,535,46.802937,7.167527,Auge,Place du Petit-Saint-Jean 13a,1700,Fribourg,True,11,Active,8,Fribourg,1851.0,101744,,1.0,Bike,26.0,Sponsor 26
2023-09-24 03:38:00,535,46.802937,7.167527,Auge,Place du Petit-Saint-Jean 13a,1700,Fribourg,True,11,Active,8,Fribourg,4283.0,104241,,1.0,Bike,26.0,Sponsor 26
2023-09-24 03:38:00,535,46.802937,7.167527,Auge,Place du Petit-Saint-Jean 13a,1700,Fribourg,True,11,Active,8,Fribourg,5260.0,502940,43.0,2.0,E-Bike,26.0,Sponsor 26
2023-09-24 03:38:00,535,46.802937,7.167527,Auge,Place du Petit-Saint-Jean 13a,1700,Fribourg,True,11,Active,8,Fribourg,5859.0,504160,62.0,2.0,E-Bike,26.0,Sponsor 26
2023-09-24 03:38:00,245,46.012749,8.914699,Molinazzo,Via Longa,6934,Bioggio,True,80,Active,3,Sottoceneri (TI),5627.0,105236,,1.0,Bike,,
2023-09-24 03:38:00,245,46.012749,8.914699,Molinazzo,Via Longa,6934,Bioggio,True,80,Active,3,Sottoceneri (TI),1760.0,101742,,1.0,Bike,,
2023-09-24 03:38:00,245,46.012749,8.914699,Molinazzo,Via Longa,6934,Bioggio,True,80,Active,3,Sottoceneri (TI),5531.0,503637,59.0,2.0,E-Bike,,
2023-09-24 03:38:00,245,46.012749,8.914699,Molinazzo,Via Longa,6934,Bioggio,True,80,Active,3,Sottoceneri (TI),5363.0,503562,79.0,2.0,E-Bike,,
2023-09-24 03:38:00,245,46.012749,8.914699,Molinazzo,Via Longa,6934,Bioggio,True,80,Active,3,Sottoceneri (TI),5039.0,502864,90.0,2.0,E-Bike,,
2023-09-24 03:38:00,245,46.012749,8.914699,Molinazzo,Via Longa,6934,Bioggio,True,80,Active,3,Sottoceneri (TI),4064.0,102939,,1.0,Bike,,
2023-09-24 03:38:00,828,46.941794,7.390649,Fussgängerzone Bümpliz,Bümplizstrasse 112,3000,Bern,True,32,Active,5,Bern,4881.0,502975,11.0,2.0,E-Bike,,
2023-09-24 03:38:00,828,46.941794,7.390649,Fussgängerzone Bümpliz,Bümplizstrasse 112,3000,Bern,True,32,Active,5,Bern,1993.0,500442,75.0,2.0,E-Bike,,
2023-09-24 03:38:00,828,46.941794,7.390649,Fussgängerzone Bümpliz,Bümplizstrasse 112,3000,Bern,True,32,Active,5,Bern,1404.0,501905,48.0,2.0,E-Bike,,
2023-09-24 03:38:00,828,46.941794,7.390649,Fussgängerzone Bümpliz,Bümplizstrasse 112,3000,Bern,True,32,Active,5,Bern,3487.0,503498,53.0,2.0,E-Bike,,
2023-09-24 03:38:00,828,46.941794,7.390649,Fussgängerzone Bümpliz,Bümplizstrasse 112,3000,Bern,True,32,Active,5,Bern,2008.0,503839,79.0,2.0,E-Bike,,
2023-09-24 03:38:00,828,46.941794,7.390649,Fussgängerzone Bümpliz,Bümplizstrasse 112,3000,Bern,True,32,Active,5,Bern,4624.0,503067,71.0,2.0,E-Bike,,
2023-09-24 03:38:00,828,46.941794,7.390649,Fussgängerzone Bümpliz,Bümplizstrasse 112,3000,Bern,True,32,Active,5,Bern,3357.0,501281,59.0,2.0,E-Bike,,
2023-09-24 03:38:00,447,47.371455,8.5070564,Gutstrasse,Gutstrasse 87,8055,Zürich,True,13,Active,6,Zürich,924.0,500080,38.0,2.0,E-Bike,,
2023-09-24 03:38:00,447,47.371455,8.5070564,Gutstrasse,Gutstrasse 87,8055,Zürich,True,13,Active,6,Zürich,2624.0,501038,61.0,2.0,E-Bike,,
2023-09-24 03:38:00,447,47.371455,8.5070564,Gutstrasse,Gutstrasse 87,8055,Zürich,True,13,Active,6,Zürich,676.0,101462,,1.0,Bike,,
2023-09-24 03:38:00,447,47.371455,8.5070564,Gutstrasse,Gutstrasse 87,8055,Zürich,True,13,Active,6,Zürich,4857.0,500562,28.0,2.0,E-Bike,,
2023-09-24 03:38:00,447,47.371455,8.5070564,Gutstrasse,Gutstrasse 87,8055,Zürich,True,13,Active,6,Zürich,693.0,101156,,1.0,Bike,,
2023-09-24 03:38:00,447,47.371455,8.5070564,Gutstrasse,Gutstrasse 87,8055,Zürich,True,13,Active,6,Zürich,2928.0,102628,,1.0,Bike,,
2023-09-24 03:38:00,447,47.371455,8.5070564,Gutstrasse,Gutstrasse 87,8055,Zürich,True,13,Active,6,Zürich,3567.0,501535,41.0,2.0,E-Bike,,
2023-09-24 03:38:00,447,47.371455,8.5070564,Gutstrasse,Gutstrasse 87,8055,Zürich,True,13,Active,6,Zürich,2606.0,501052,44.0,2.0,E-Bike,,
2023-09-24 03:38:00,447,47.371455,8.5070564,Gutstrasse,Gutstrasse 87,8055,Zürich,True,13,Active,6,Zürich,4739.0,104024,,1.0,Bike,,
2023-09-24 03:38:00,447,47.371455,8.5070564,Gutstrasse,Gutstrasse 87,8055,Zürich,True,13,Active,6,Zürich,919.0,501146,51.0,2.0,E-Bike,,
2023-09-24 03:38:00,447,47.371455,8.5070564,Gutstrasse,Gutstrasse 87,8055,Zürich,True,13,Active,6,Zürich,3374.0,501247,16.0,2.0,E-Bike,,
2023-09-24 03:38:00,447,47.371455,8.5070564,Gutstrasse,Gutstrasse 87,8055,Zürich,True,13,Active,6,Zürich,530.0,101166,,1.0,Bike,,
2023-09-24 03:38:00,447,47.371455,8.5070564,Gutstrasse,Gutstrasse 87,8055,Zürich,True,13,Active,6,Zürich,2224.0,101803,,1.0,Bike,,
2023-09-24 03:38:00,447,47.371455,8.5070564,Gutstrasse,Gutstrasse 87,8055,Zürich,True,13,Active,6,Zürich,2828.0,501185,21.0,2.0,E-Bike,,
2023-09-24 03:38:00,447,47.371455,8.5070564,Gutstrasse,Gutstrasse 87,8055,Zürich,True,13,Active,6,Zürich,2932.0,102682,,1.0,Bike,,
2023-09-24 03:38:00,447,47.371455,8.5070564,Gutstrasse,Gutstrasse 87,8055,Zürich,True,13,Active,6,Zürich,3279.0,102887,,1.0,Bike,,
2023-09-24 03:38:00,146,46.004469,8.947096,Stazione FFS,Via Clemente Maraini P+R,6900,Lugano,True,80,Active,3,Sottoceneri (TI),4204.0,102625,,1.0,Bike,,
2023-09-24 03:38:00,146,46.004469,8.947096,Stazione FFS,Via Clemente Maraini P+R,6900,Lugano,True,80,Active,3,Sottoceneri (TI),1791.0,501628,67.0,2.0,E-Bike,,
2023-09-24 03:38:00,146,46.004469,8.947096,Stazione FFS,Via Clemente Maraini P+R,6900,Lugano,True,80,Active,3,Sottoceneri (TI),5467.0,104557,,1.0,Bike,,
2023-09-24 03:38:00,146,46.004469,8.947096,Stazione FFS,Via Clemente Maraini P+R,6900,Lugano,True,80,Active,3,Sottoceneri (TI),4121.0,501532,87.0,2.0,E-Bike,,
2023-09-24 03:38:00,381,46.012252,8.955118,Piazza Molino Nuovo,Piazza Molino Nuovo,6900,Lugano,True,80,Active,3,Sottoceneri (TI),4136.0,501524,41.0,2.0,E-Bike,,
2023-09-24 03:38:00,381,46.012252,8.955118,Piazza Molino Nuovo,Piazza Molino Nuovo,6900,Lugano,True,80,Active,3,Sottoceneri (TI),158.0,100196,,1.0,Bike,,
2023-09-24 03:38:00,381,46.012252,8.955118,Piazza Molino Nuovo,Piazza Molino Nuovo,6900,Lugano,True,80,Active,3,Sottoceneri (TI),5078.0,502887,58.0,2.0,E-Bike,,
2023-09-24 03:38:00,381,46.012252,8.955118,Piazza Molino Nuovo,Piazza Molino Nuovo,6900,Lugano,True,80,Active,3,Sottoceneri (TI),5644.0,105207,,1.0,Bike,,
2023-09-24 03:38:00,381,46.012252,8.955118,Piazza Molino Nuovo,Piazza Molino Nuovo,6900,Lugano,True,80,Active,3,Sottoceneri (TI),5571.0,105234,,1.0,Bike,,
2023-09-24 03:38:00,381,46.012252,8.955118,Piazza Molino Nuovo,Piazza Molino Nuovo,6900,Lugano,True,80,Active,3,Sottoceneri (TI),5544.0,104888,,1.0,Bike,,
2023-09-24 03:38:00,381,46.012252,8.955118,Piazza Molino Nuovo,Piazza Molino Nuovo,6900,Lugano,True,80,Active,3,Sottoceneri (TI),1767.0,101717,,1.0,Bike,,
2023-09-24 03:38:00,381,46.012252,8.955118,Piazza Molino Nuovo,Piazza Molino Nuovo,6900,Lugano,True,80,Active,3,Sottoceneri (TI),5510.0,104145,,1.0,Bike,,
2023-09-24 03:38:00,381,46.012252,8.955118,Piazza Molino Nuovo,Piazza Molino Nuovo,6900,Lugano,True,80,Active,3,Sottoceneri (TI),5545.0,104892,,1.0,Bike,,
2023-09-24 03:38:00,381,46.012252,8.955118,Piazza Molino Nuovo,Piazza Molino Nuovo,6900,Lugano,True,80,Active,3,Sottoceneri (TI),4069.0,101909,,1.0,Bike,,
2023-09-24 03:38:00,381,46.012252,8.955118,Piazza Molino Nuovo,Piazza Molino Nuovo,6900,Lugano,True,80,Active,3,Sottoceneri (TI),194.0,100064,,1.0,Bike,,
2023-09-24 03:38:00,381,46.012252,8.955118,Piazza Molino Nuovo,Piazza Molino Nuovo,6900,Lugano,True,80,Active,3,Sottoceneri (TI),5451.0,104587,,1.0,Bike,,
2023-09-24 03:38:00,381,46.012252,8.955118,Piazza Molino Nuovo,Piazza Molino Nuovo,6900,Lugano,True,80,Active,3,Sottoceneri (TI),5602.0,104782,,1.0,Bike,,
2023-09-24 03:38:00,381,46.012252,8.955118,Piazza Molino Nuovo,Piazza Molino Nuovo,6900,Lugano,True,80,Active,3,Sottoceneri (TI),5421.0,503696,69.0,2.0,E-Bike,,
2023-09-24 03:38:00,381,46.012252,8.955118,Piazza Molino Nuovo,Piazza Molino Nuovo,6900,Lugano,True,80,Active,3,Sottoceneri (TI),5152.0,104041,,1.0,Bike,,
2023-09-24 03:38:00,381,46.012252,8.955118,Piazza Molino Nuovo,Piazza Molino Nuovo,6900,Lugano,True,80,Active,3,Sottoceneri (TI),4177.0,104230,,1.0,Bike,,
2023-09-24 03:38:00,780,46.003948,8.961542,Foce,Via Foce,6900,Lugano,True,34,Active,3,Sottoceneri (TI),4218.0,500746,62.0,2.0,E-Bike,,
2023-09-24 03:38:00,238,46.7804953,7.1505764,Marly - La Jonction,Route de Fribourg 15,1723,Marly,True,46,Active,8,Fribourg,5831.0,504171,42.0,2.0,E-Bike,26.0,Sponsor 26
2023-09-24 03:38:00,238,46.7804953,7.1505764,Marly - La Jonction,Route de Fribourg 15,1723,Marly,True,46,Active,8,Fribourg,4254.0,501491,71.0,2.0,E-Bike,26.0,Sponsor 26
2023-09-24 03:38:00,238,46.7804953,7.1505764,Marly - La Jonction,Route de Fribourg 15,1723,Marly,True,46,Active,8,Fribourg,5688.0,504190,29.0,2.0,E-Bike,26.0,Sponsor 26
2023-09-24 03:38:00,238,46.7804953,7.1505764,Marly - La Jonction,Route de Fribourg 15,1723,Marly,True,46,Active,8,Fribourg,4278.0,503165,45.0,2.0,E-Bike,26.0,Sponsor 26
2023-09-24 03:38:00,238,46.7804953,7.1505764,Marly - La Jonction,Route de Fribourg 15,1723,Marly,True,46,Active,8,Fribourg,1918.0,500990,,2.0,E-Bike,26.0,Sponsor 26
2023-09-24 03:38:00,238,46.7804953,7.1505764,Marly - La Jonction,Route de Fribourg 15,1723,Marly,True,46,Active,8,Fribourg,1938.0,500971,77.0,2.0,E-Bike,26.0,Sponsor 26
2023-09-24 03:38:00,238,46.7804953,7.1505764,Marly - La Jonction,Route de Fribourg 15,1723,Marly,True,46,Active,8,Fribourg,1878.0,500929,92.0,2.0,E-Bike,26.0,Sponsor 26
2023-09-24 03:38:00,238,46.7804953,7.1505764,Marly - La Jonction,Route de Fribourg 15,1723,Marly,True,46,Active,8,Fribourg,1899.0,500950,,2.0,E-Bike,26.0,Sponsor 26
2023-09-24 03:38:00,238,46.7804953,7.1505764,Marly - La Jonction,Route de Fribourg 15,1723,Marly,True,46,Active,8,Fribourg,5239.0,502411,92.0,2.0,E-Bike,26.0,Sponsor 26
2023-09-24 03:38:00,238,46.7804953,7.1505764,Marly - La Jonction,Route de Fribourg 15,1723,Marly,True,46,Active,8,Fribourg,5804.0,504170,59.0,2.0,E-Bike,26.0,Sponsor 26
2023-09-24 03:38:00,248,45.993326,8.924532,Cappella-Agnuzzo FLP,Cappella-Agnuzzo,6925,Collina d'Oro,True,80,Active,3,Sottoceneri (TI),5036.0,502858,55.0,2.0,E-Bike,,
2023-09-24 03:38:00,248,45.993326,8.924532,Cappella-Agnuzzo FLP,Cappella-Agnuzzo,6925,Collina d'Oro,True,80,Active,3,Sottoceneri (TI),5349.0,104078,,1.0,Bike,,
2023-09-24 03:38:00,248,45.993326,8.924532,Cappella-Agnuzzo FLP,Cappella-Agnuzzo,6925,Collina d'Oro,True,80,Active,3,Sottoceneri (TI),5419.0,104521,,1.0,Bike,,
2023-09-24 03:38:00,248,45.993326,8.924532,Cappella-Agnuzzo FLP,Cappella-Agnuzzo,6925,Collina d'Oro,True,80,Active,3,Sottoceneri (TI),1728.0,502924,13.0,2.0,E-Bike,,
2023-09-24 03:38:00,248,45.993326,8.924532,Cappella-Agnuzzo FLP,Cappella-Agnuzzo,6925,Collina d'Oro,True,80,Active,3,Sottoceneri (TI),5388.0,104592,,1.0,Bike,,
2023-09-24 03:38:00,248,45.993326,8.924532,Cappella-Agnuzzo FLP,Cappella-Agnuzzo,6925,Collina d'Oro,True,80,Active,3,Sottoceneri (TI),4134.0,503960,50.0,2.0,E-Bike,,
2023-09-24 03:38:00,248,45.993326,8.924532,Cappella-Agnuzzo FLP,Cappella-Agnuzzo,6925,Collina d'Oro,True,80,Active,3,Sottoceneri (TI),5539.0,104891,,1.0,Bike,,
2023-09-24 03:38:00,248,45.993326,8.924532,Cappella-Agnuzzo FLP,Cappella-Agnuzzo,6925,Collina d'Oro,True,80,Active,3,Sottoceneri (TI),5038.0,502854,16.0,2.0,E-Bike,,
2023-09-24 03:38:00,681,46.93987160970557,7.425113039012359,Weberstrasse,Weberstrasse 25,3007,Bern,True,80,Active,5,Bern,3598.0,501283,47.0,2.0,E-Bike,,
2023-09-24 03:38:00,681,46.93987160970557,7.425113039012359,Weberstrasse,Weberstrasse 25,3007,Bern,True,80,Active,5,Bern,2373.0,102524,,1.0,Bike,,
2023-09-24 03:38:00,681,46.93987160970557,7.425113039012359,Weberstrasse,Weberstrasse 25,3007,Bern,True,80,Active,5,Bern,2296.0,102454,,1.0,Bike,,
2023-09-24 03:38:00,681,46.93987160970557,7.425113039012359,Weberstrasse,Weberstrasse 25,3007,Bern,True,80,Active,5,Bern,2568.0,501187,69.0,2.0,E-Bike,,
2023-09-24 03:38:00,681,46.93987160970557,7.425113039012359,Weberstrasse,Weberstrasse 25,3007,Bern,True,80,Active,5,Bern,4312.0,500658,36.0,2.0,E-Bike,,
2023-09-24 03:38:00,681,46.93987160970557,7.425113039012359,Weberstrasse,Weberstrasse 25,3007,Bern,True,80,Active,5,Bern,4515.0,500655,82.0,2.0,E-Bike,,
2023-09-24 03:38:00,681,46.93987160970557,7.425113039012359,Weberstrasse,Weberstrasse 25,3007,Bern,True,80,Active,5,Bern,4979.0,502575,53.0,2.0,E-Bike,,
2023-09-24 03:38:00,517,47.43281,8.566564,Stadthaus Opfikon,Oberhauserstrasse 25,8152,Opfikon,True,16,Active (empty),6,Zürich,,,,,,,
2023-09-24 03:38:00,521,47.39733,8.61865,Stadthaus Dübendorf,Usterstrasse 1,8600,Dübendorf,True,16,Active,6,Zürich,623.0,101464,,1.0,Bike,,
2023-09-24 03:38:00,521,47.39733,8.61865,Stadthaus Dübendorf,Usterstrasse 1,8600,Dübendorf,True,16,Active,6,Zürich,3560.0,502204,43.0,2.0,E-Bike,,
2023-09-24 03:38:00,521,47.39733,8.61865,Stadthaus Dübendorf,Usterstrasse 1,8600,Dübendorf,True,16,Active,6,Zürich,472.0,101249,,1.0,Bike,,
2023-09-24 03:38:00,521,47.39733,8.61865,Stadthaus Dübendorf,Usterstrasse 1,8600,Dübendorf,True,16,Active,6,Zürich,3101.0,102811,,1.0,Bike,,
2023-09-24 03:38:00,521,47.39733,8.61865,Stadthaus Dübendorf,Usterstrasse 1,8600,Dübendorf,True,16,Active,6,Zürich,3264.0,102834,,1.0,Bike,,
2023-09-24 03:38:00,521,47.39733,8.61865,Stadthaus Dübendorf,Usterstrasse 1,8600,Dübendorf,True,16,Active,6,Zürich,3428.0,503654,16.0,2.0,E-Bike,,
2023-09-24 03:38:00,51,45.991081,8.943799,Paradiso Centro,Via Franco Zorzi,6900,Lugano,True,16,Active,3,Sottoceneri (TI),6111.0,503959,41.0,2.0,E-Bike,,
2023-09-24 03:38:00,51,45.991081,8.943799,Paradiso Centro,Via Franco Zorzi,6900,Lugano,True,16,Active,3,Sottoceneri (TI),1736.0,101726,,1.0,Bike,,
2023-09-24 03:38:00,51,45.991081,8.943799,Paradiso Centro,Via Franco Zorzi,6900,Lugano,True,16,Active,3,Sottoceneri (TI),150.0,100184,,1.0,Bike,,
2023-09-24 03:38:00,51,45.991081,8.943799,Paradiso Centro,Via Franco Zorzi,6900,Lugano,True,16,Active,3,Sottoceneri (TI),5553.0,105108,,1.0,Bike,,
2023-09-24 03:38:00,51,45.991081,8.943799,Paradiso Centro,Via Franco Zorzi,6900,Lugano,True,16,Active,3,Sottoceneri (TI),5160.0,104033,,1.0,Bike,,
2023-09-24 03:38:00,51,45.991081,8.943799,Paradiso Centro,Via Franco Zorzi,6900,Lugano,True,16,Active,3,Sottoceneri (TI),5572.0,104900,,1.0,Bike,,
2023-09-24 03:38:00,51,45.991081,8.943799,Paradiso Centro,Via Franco Zorzi,6900,Lugano,True,16,Active,3,Sottoceneri (TI),193.0,100065,,1.0,Bike,,
2023-09-24 03:38:00,51,45.991081,8.943799,Paradiso Centro,Via Franco Zorzi,6900,Lugano,True,16,Active,3,Sottoceneri (TI),5486.0,104459,,1.0,Bike,,
2023-09-24 03:38:00,359,47.393365,8.512551,Fischerweg,Hardturmstrasse 161,8005,Zürich,True,11,Active,6,Zürich,2202.0,101780,,1.0,Bike,,
2023-09-24 03:38:00,359,47.393365,8.512551,Fischerweg,Hardturmstrasse 161,8005,Zürich,True,11,Active,6,Zürich,583.0,101233,,1.0,Bike,,
2023-09-24 03:38:00,359,47.393365,8.512551,Fischerweg,Hardturmstrasse 161,8005,Zürich,True,11,Active,6,Zürich,3109.0,102073,,1.0,Bike,,
2023-09-24 03:38:00,359,47.393365,8.512551,Fischerweg,Hardturmstrasse 161,8005,Zürich,True,11,Active,6,Zürich,526.0,101210,,1.0,Bike,,
2023-09-24 03:38:00,359,47.393365,8.512551,Fischerweg,Hardturmstrasse 161,8005,Zürich,True,11,Active,6,Zürich,617.0,101433,,1.0,Bike,,
2023-09-24 03:38:00,359,47.393365,8.512551,Fischerweg,Hardturmstrasse 161,8005,Zürich,True,11,Active,6,Zürich,2452.0,102586,,1.0,Bike,,
2023-09-24 03:38:00,106,47.382798,8.53545,Museum für Gestaltung,Ausstellungsstrasse 44,8005,Zürich,True,24,Active,6,Zürich,3409.0,503907,58.0,2.0,E-Bike,,
2023-09-24 03:38:00,106,47.382798,8.53545,Museum für Gestaltung,Ausstellungsstrasse 44,8005,Zürich,True,24,Active,6,Zürich,1591.0,501843,37.0,2.0,E-Bike,,
2023-09-24 03:38:00,106,47.382798,8.53545,Museum für Gestaltung,Ausstellungsstrasse 44,8005,Zürich,True,24,Active,6,Zürich,2897.0,102670,,1.0,Bike,,
2023-09-24 03:38:00,106,47.382798,8.53545,Museum für Gestaltung,Ausstellungsstrasse 44,8005,Zürich,True,24,Active,6,Zürich,2855.0,501008,93.0,2.0,E-Bike,,
2023-09-24 03:38:00,677,46.949100687820106,7.433277786246504,Stadtbachstrasse,Pavillonweg 13,3012,Bern,True,80,Active,5,Bern,3230.0,102779,,1.0,Bike,,
2023-09-24 03:38:00,677,46.949100687820106,7.433277786246504,Stadtbachstrasse,Pavillonweg 13,3012,Bern,True,80,Active,5,Bern,2953.0,102168,,1.0,Bike,,
2023-09-24 03:38:00,677,46.949100687820106,7.433277786246504,Stadtbachstrasse,Pavillonweg 13,3012,Bern,True,80,Active,5,Bern,4354.0,503221,64.0,2.0,E-Bike,,
2023-09-24 03:38:00,677,46.949100687820106,7.433277786246504,Stadtbachstrasse,Pavillonweg 13,3012,Bern,True,80,Active,5,Bern,3627.0,103000,,1.0,Bike,,
2023-09-24 03:38:00,677,46.949100687820106,7.433277786246504,Stadtbachstrasse,Pavillonweg 13,3012,Bern,True,80,Active,5,Bern,946.0,500327,87.0,2.0,E-Bike,,
2023-09-24 03:38:00,677,46.949100687820106,7.433277786246504,Stadtbachstrasse,Pavillonweg 13,3012,Bern,True,80,Active,5,Bern,1189.0,101298,,1.0,Bike,,
2023-09-24 03:38:00,421,46.9229774,7.4141121,Köniz Zentrum,Bläuacker 10,3098,Köniz,True,45,Active,5,Bern,3900.0,500760,55.0,2.0,E-Bike,,
2023-09-24 03:38:00,421,46.9229774,7.4141121,Köniz Zentrum,Bläuacker 10,3098,Köniz,True,45,Active,5,Bern,6017.0,503897,26.0,2.0,E-Bike,,
2023-09-24 03:38:00,421,46.9229774,7.4141121,Köniz Zentrum,Bläuacker 10,3098,Köniz,True,45,Active,5,Bern,1961.0,500434,47.0,2.0,E-Bike,,
2023-09-24 03:38:00,421,46.9229774,7.4141121,Köniz Zentrum,Bläuacker 10,3098,Köniz,True,45,Active,5,Bern,4358.0,503220,70.0,2.0,E-Bike,,
2023-09-24 03:38:00,421,46.9229774,7.4141121,Köniz Zentrum,Bläuacker 10,3098,Köniz,True,45,Active,5,Bern,3329.0,501111,39.0,2.0,E-Bike,,
2023-09-24 03:38:00,767,46.459494,6.333472,"Rolle, Martinet",Route des Quarte-Communes 7,1180,Rolle,True,21,Active,9,Région de Nyon,5837.0,104129,,1.0,Bike,,
2023-09-24 03:38:00,767,46.459494,6.333472,"Rolle, Martinet",Route des Quarte-Communes 7,1180,Rolle,True,21,Active,9,Région de Nyon,5226.0,502936,68.0,2.0,E-Bike,,
2023-09-24 03:38:00,767,46.459494,6.333472,"Rolle, Martinet",Route des Quarte-Communes 7,1180,Rolle,True,21,Active,9,Région de Nyon,5663.0,502927,11.0,2.0,E-Bike,,
2023-09-24 03:38:00,767,46.459494,6.333472,"Rolle, Martinet",Route des Quarte-Communes 7,1180,Rolle,True,21,Active,9,Région de Nyon,5718.0,503927,77.0,2.0,E-Bike,,
2023-09-24 03:38:00,767,46.459494,6.333472,"Rolle, Martinet",Route des Quarte-Communes 7,1180,Rolle,True,21,Active,9,Région de Nyon,5672.0,503616,,2.0,E-Bike,,
2023-09-24 03:38:00,798,47.325159,8.647915,Forch,Kaltensteinstrasse 32,8127,Forch,True,16,Active,6,Zürich,3525.0,500828,90.0,2.0,E-Bike,,
2023-09-24 03:38:00,798,47.325159,8.647915,Forch,Kaltensteinstrasse 32,8127,Forch,True,16,Active,6,Zürich,912.0,500126,24.0,2.0,E-Bike,,
2023-09-24 03:38:00,798,47.325159,8.647915,Forch,Kaltensteinstrasse 32,8127,Forch,True,16,Active,6,Zürich,4790.0,500696,59.0,2.0,E-Bike,,
2023-09-24 03:38:00,798,47.325159,8.647915,Forch,Kaltensteinstrasse 32,8127,Forch,True,16,Active,6,Zürich,469.0,101261,,1.0,Bike,,
2023-09-24 03:38:00,798,47.325159,8.647915,Forch,Kaltensteinstrasse 32,8127,Forch,True,16,Active,6,Zürich,2631.0,501053,,2.0,E-Bike,,
2023-09-24 03:38:00,798,47.325159,8.647915,Forch,Kaltensteinstrasse 32,8127,Forch,True,16,Active,6,Zürich,810.0,500176,29.0,2.0,E-Bike,,
2023-09-24 03:38:00,241,46.794798,7.114034,Les Dailles,Route du Bugnon 38,1752,Villars-sur-Glâne,True,34,Active,8,Fribourg,5707.0,504120,,2.0,E-Bike,26.0,Sponsor 26
2023-09-24 03:38:00,241,46.794798,7.114034,Les Dailles,Route du Bugnon 38,1752,Villars-sur-Glâne,True,34,Active,8,Fribourg,5867.0,504166,86.0,2.0,E-Bike,26.0,Sponsor 26
2023-09-24 03:38:00,241,46.794798,7.114034,Les Dailles,Route du Bugnon 38,1752,Villars-sur-Glâne,True,34,Active,8,Fribourg,4471.0,503009,,2.0,E-Bike,26.0,Sponsor 26
2023-09-24 03:38:00,241,46.794798,7.114034,Les Dailles,Route du Bugnon 38,1752,Villars-sur-Glâne,True,34,Active,8,Fribourg,5971.0,504057,,2.0,E-Bike,26.0,Sponsor 26
2023-09-24 03:38:00,241,46.794798,7.114034,Les Dailles,Route du Bugnon 38,1752,Villars-sur-Glâne,True,34,Active,8,Fribourg,5768.0,504100,37.0,2.0,E-Bike,26.0,Sponsor 26
2023-09-24 03:38:00,241,46.794798,7.114034,Les Dailles,Route du Bugnon 38,1752,Villars-sur-Glâne,True,34,Active,8,Fribourg,5809.0,104478,,1.0,Bike,26.0,Sponsor 26
2023-09-24 03:38:00,241,46.794798,7.114034,Les Dailles,Route du Bugnon 38,1752,Villars-sur-Glâne,True,34,Active,8,Fribourg,5832.0,504179,37.0,2.0,E-Bike,26.0,Sponsor 26
2023-09-24 03:38:00,241,46.794798,7.114034,Les Dailles,Route du Bugnon 38,1752,Villars-sur-Glâne,True,34,Active,8,Fribourg,5818.0,102726,,1.0,Bike,26.0,Sponsor 26
2023-09-24 03:38:00,241,46.794798,7.114034,Les Dailles,Route du Bugnon 38,1752,Villars-sur-Glâne,True,34,Active,8,Fribourg,4448.0,101910,,1.0,Bike,26.0,Sponsor 26
2023-09-24 03:38:00,241,46.794798,7.114034,Les Dailles,Route du Bugnon 38,1752,Villars-sur-Glâne,True,34,Active,8,Fribourg,5291.0,504059,56.0,2.0,E-Bike,26.0,Sponsor 26
2023-09-24 03:38:00,241,46.794798,7.114034,Les Dailles,Route du Bugnon 38,1752,Villars-sur-Glâne,True,34,Active,8,Fribourg,1884.0,503778,40.0,2.0,E-Bike,26.0,Sponsor 26
2023-09-24 03:38:00,241,46.794798,7.114034,Les Dailles,Route du Bugnon 38,1752,Villars-sur-Glâne,True,34,Active,8,Fribourg,5915.0,503962,97.0,2.0,E-Bike,26.0,Sponsor 26
2023-09-24 03:38:00,553,46.944672,7.422308,Loryplatz,Könizstrasse 6,3008,Bern,True,29,Active,5,Bern,4140.0,500641,36.0,2.0,E-Bike,,
2023-09-24 03:38:00,553,46.944672,7.422308,Loryplatz,Könizstrasse 6,3008,Bern,True,29,Active,5,Bern,3448.0,502626,60.0,2.0,E-Bike,,
2023-09-24 03:38:00,553,46.944672,7.422308,Loryplatz,Könizstrasse 6,3008,Bern,True,29,Active,5,Bern,4038.0,500853,35.0,2.0,E-Bike,,
2023-09-24 03:38:00,553,46.944672,7.422308,Loryplatz,Könizstrasse 6,3008,Bern,True,29,Active,5,Bern,4982.0,502574,28.0,2.0,E-Bike,,
2023-09-24 03:38:00,553,46.944672,7.422308,Loryplatz,Könizstrasse 6,3008,Bern,True,29,Active,5,Bern,3346.0,501272,25.0,2.0,E-Bike,,
2023-09-24 03:38:00,553,46.944672,7.422308,Loryplatz,Könizstrasse 6,3008,Bern,True,29,Active,5,Bern,1432.0,502590,96.0,2.0,E-Bike,,
2023-09-24 03:38:00,553,46.944672,7.422308,Loryplatz,Könizstrasse 6,3008,Bern,True,29,Active,5,Bern,949.0,502613,60.0,2.0,E-Bike,,
2023-09-24 03:38:00,553,46.944672,7.422308,Loryplatz,Könizstrasse 6,3008,Bern,True,29,Active,5,Bern,2350.0,102519,,1.0,Bike,,
2023-09-24 03:38:00,553,46.944672,7.422308,Loryplatz,Könizstrasse 6,3008,Bern,True,29,Active,5,Bern,3626.0,102968,,1.0,Bike,,
2023-09-24 03:38:00,553,46.944672,7.422308,Loryplatz,Könizstrasse 6,3008,Bern,True,29,Active,5,Bern,2958.0,104544,,1.0,Bike,,
2023-09-24 03:38:00,553,46.944672,7.422308,Loryplatz,Könizstrasse 6,3008,Bern,True,29,Active,5,Bern,1964.0,501861,96.0,2.0,E-Bike,,
2023-09-24 03:38:00,553,46.944672,7.422308,Loryplatz,Könizstrasse 6,3008,Bern,True,29,Active,5,Bern,1610.0,101690,,1.0,Bike,,
2023-09-24 03:38:00,553,46.944672,7.422308,Loryplatz,Könizstrasse 6,3008,Bern,True,29,Active,5,Bern,3623.0,103004,,1.0,Bike,,
2023-09-24 03:38:00,553,46.944672,7.422308,Loryplatz,Könizstrasse 6,3008,Bern,True,29,Active,5,Bern,2346.0,102492,,1.0,Bike,,
2023-09-24 03:38:00,553,46.944672,7.422308,Loryplatz,Könizstrasse 6,3008,Bern,True,29,Active,5,Bern,3153.0,102199,,1.0,Bike,,
2023-09-24 03:38:00,553,46.944672,7.422308,Loryplatz,Könizstrasse 6,3008,Bern,True,29,Active,5,Bern,2309.0,102490,,1.0,Bike,,
2023-09-24 03:38:00,100,47.368064,8.539046,Zürcher Kantonalbank,Talstrasse 12,8001,Zürich,True,11,Active,6,Zürich,2688.0,503734,29.0,2.0,E-Bike,,
2023-09-24 03:38:00,751,45.92991043850694,8.938161232544616,Brusino Arsizio – Debarcadero,Piazza Don F. Andreoletti 1,6827,Brusino Arsizio,True,21,Active,3,Sottoceneri (TI),4067.0,102945,,1.0,Bike,,
2023-09-24 03:38:00,751,45.92991043850694,8.938161232544616,Brusino Arsizio – Debarcadero,Piazza Don F. Andreoletti 1,6827,Brusino Arsizio,True,21,Active,3,Sottoceneri (TI),4181.0,104231,,1.0,Bike,,
2023-09-24 03:38:00,751,45.92991043850694,8.938161232544616,Brusino Arsizio – Debarcadero,Piazza Don F. Andreoletti 1,6827,Brusino Arsizio,True,21,Active,3,Sottoceneri (TI),5052.0,502896,90.0,2.0,E-Bike,,
2023-09-24 03:38:00,751,45.92991043850694,8.938161232544616,Brusino Arsizio – Debarcadero,Piazza Don F. Andreoletti 1,6827,Brusino Arsizio,True,21,Active,3,Sottoceneri (TI),4182.0,104232,,1.0,Bike,,
2023-09-24 03:38:00,751,45.92991043850694,8.938161232544616,Brusino Arsizio – Debarcadero,Piazza Don F. Andreoletti 1,6827,Brusino Arsizio,True,21,Active,3,Sottoceneri (TI),5537.0,105160,,1.0,Bike,,
2023-09-24 03:38:00,869,46.847347,9.509044,Fachhochschule Graubünden Comercialstrasse,Comercialstrasse 28,7000,Chur,True,80,Active,11,Chur,4621.0,502644,60.0,2.0,E-Bike,60.0,Sponsor 60
2023-09-24 03:38:00,869,46.847347,9.509044,Fachhochschule Graubünden Comercialstrasse,Comercialstrasse 28,7000,Chur,True,80,Active,11,Chur,2849.0,504363,78.0,2.0,E-Bike,60.0,Sponsor 60
2023-09-24 03:38:00,869,46.847347,9.509044,Fachhochschule Graubünden Comercialstrasse,Comercialstrasse 28,7000,Chur,True,80,Active,11,Chur,1098.0,500453,54.0,2.0,E-Bike,60.0,Sponsor 60
2023-09-24 03:38:00,869,46.847347,9.509044,Fachhochschule Graubünden Comercialstrasse,Comercialstrasse 28,7000,Chur,True,80,Active,11,Chur,517.0,101227,,1.0,Bike,60.0,Sponsor 60
2023-09-24 03:38:00,869,46.847347,9.509044,Fachhochschule Graubünden Comercialstrasse,Comercialstrasse 28,7000,Chur,True,80,Active,11,Chur,580.0,101338,,1.0,Bike,60.0,Sponsor 60
2023-09-24 03:38:00,323,46.933646280041835,7.448225744500959,Restaurant Dählhölzli,Tierparkweg 2,3005,Bern,True,13,Active,5,Bern,1998.0,503503,82.0,2.0,E-Bike,,
2023-09-24 03:38:00,323,46.933646280041835,7.448225744500959,Restaurant Dählhölzli,Tierparkweg 2,3005,Bern,True,13,Active,5,Bern,1260.0,501096,29.0,2.0,E-Bike,,
2023-09-24 03:38:00,323,46.933646280041835,7.448225744500959,Restaurant Dählhölzli,Tierparkweg 2,3005,Bern,True,13,Active,5,Bern,4331.0,503209,78.0,2.0,E-Bike,,
2023-09-24 03:38:00,323,46.933646280041835,7.448225744500959,Restaurant Dählhölzli,Tierparkweg 2,3005,Bern,True,13,Active,5,Bern,2376.0,501138,14.0,2.0,E-Bike,,
2023-09-24 03:38:00,323,46.933646280041835,7.448225744500959,Restaurant Dählhölzli,Tierparkweg 2,3005,Bern,True,13,Active,5,Bern,3497.0,502190,97.0,2.0,E-Bike,,
2023-09-24 03:38:00,323,46.933646280041835,7.448225744500959,Restaurant Dählhölzli,Tierparkweg 2,3005,Bern,True,13,Active,5,Bern,4004.0,502813,84.0,2.0,E-Bike,,
2023-09-24 03:38:00,323,46.933646280041835,7.448225744500959,Restaurant Dählhölzli,Tierparkweg 2,3005,Bern,True,13,Active,5,Bern,2987.0,800012,,1.0,Bike,,
2023-09-24 03:38:00,873,46.85417,9.52839,Bahnhof/Gürtelstrasse,Gürtelstrasse 39,7000,Chur,True,80,Active,11,Chur,1080.0,101480,,1.0,Bike,59.0,Sponsor 59
2023-09-24 03:38:00,873,46.85417,9.52839,Bahnhof/Gürtelstrasse,Gürtelstrasse 39,7000,Chur,True,80,Active,11,Chur,2458.0,102393,,1.0,Bike,59.0,Sponsor 59
2023-09-24 03:38:00,873,46.85417,9.52839,Bahnhof/Gürtelstrasse,Gürtelstrasse 39,7000,Chur,True,80,Active,11,Chur,1978.0,500428,72.0,2.0,E-Bike,59.0,Sponsor 59
2023-09-24 03:38:00,873,46.85417,9.52839,Bahnhof/Gürtelstrasse,Gürtelstrasse 39,7000,Chur,True,80,Active,11,Chur,4817.0,500527,93.0,2.0,E-Bike,59.0,Sponsor 59
2023-09-24 03:38:00,873,46.85417,9.52839,Bahnhof/Gürtelstrasse,Gürtelstrasse 39,7000,Chur,True,80,Active,11,Chur,2638.0,501429,45.0,2.0,E-Bike,59.0,Sponsor 59
2023-09-24 03:38:00,873,46.85417,9.52839,Bahnhof/Gürtelstrasse,Gürtelstrasse 39,7000,Chur,True,80,Active,11,Chur,2650.0,501427,59.0,2.0,E-Bike,59.0,Sponsor 59
2023-09-24 03:38:00,873,46.85417,9.52839,Bahnhof/Gürtelstrasse,Gürtelstrasse 39,7000,Chur,True,80,Active,11,Chur,3127.0,501073,90.0,2.0,E-Bike,59.0,Sponsor 59
2023-09-24 03:38:00,873,46.85417,9.52839,Bahnhof/Gürtelstrasse,Gürtelstrasse 39,7000,Chur,True,80,Active,11,Chur,3585.0,103003,,1.0,Bike,59.0,Sponsor 59
2023-09-24 03:38:00,873,46.85417,9.52839,Bahnhof/Gürtelstrasse,Gürtelstrasse 39,7000,Chur,True,80,Active,11,Chur,2636.0,501391,53.0,2.0,E-Bike,59.0,Sponsor 59
2023-09-24 03:38:00,873,46.85417,9.52839,Bahnhof/Gürtelstrasse,Gürtelstrasse 39,7000,Chur,True,80,Active,11,Chur,3241.0,102784,,1.0,Bike,59.0,Sponsor 59
2023-09-24 03:38:00,873,46.85417,9.52839,Bahnhof/Gürtelstrasse,Gürtelstrasse 39,7000,Chur,True,80,Active,11,Chur,821.0,500411,36.0,2.0,E-Bike,59.0,Sponsor 59
2023-09-24 03:38:00,592,46.93718143594243,7.4393978740610605,Landoltstrasse,Bürenstrasse 1,3007,Bern,True,29,Active,5,Bern,3016.0,102126,,1.0,Bike,,
2023-09-24 03:38:00,592,46.93718143594243,7.4393978740610605,Landoltstrasse,Bürenstrasse 1,3007,Bern,True,29,Active,5,Bern,977.0,101517,,1.0,Bike,,
2023-09-24 03:38:00,592,46.93718143594243,7.4393978740610605,Landoltstrasse,Bürenstrasse 1,3007,Bern,True,29,Active,5,Bern,2537.0,101838,,1.0,Bike,,
2023-09-24 03:38:00,592,46.93718143594243,7.4393978740610605,Landoltstrasse,Bürenstrasse 1,3007,Bern,True,29,Active,5,Bern,1248.0,102388,,1.0,Bike,,
2023-09-24 03:38:00,592,46.93718143594243,7.4393978740610605,Landoltstrasse,Bürenstrasse 1,3007,Bern,True,29,Active,5,Bern,2290.0,102159,,1.0,Bike,,
2023-09-24 03:38:00,592,46.93718143594243,7.4393978740610605,Landoltstrasse,Bürenstrasse 1,3007,Bern,True,29,Active,5,Bern,1068.0,102350,,1.0,Bike,,
2023-09-24 03:38:00,592,46.93718143594243,7.4393978740610605,Landoltstrasse,Bürenstrasse 1,3007,Bern,True,29,Active,5,Bern,1447.0,101617,,1.0,Bike,,
2023-09-24 03:38:00,592,46.93718143594243,7.4393978740610605,Landoltstrasse,Bürenstrasse 1,3007,Bern,True,29,Active,5,Bern,3872.0,103243,,1.0,Bike,,
2023-09-24 03:38:00,592,46.93718143594243,7.4393978740610605,Landoltstrasse,Bürenstrasse 1,3007,Bern,True,29,Active,5,Bern,1388.0,501870,81.0,2.0,E-Bike,,
2023-09-24 03:38:00,592,46.93718143594243,7.4393978740610605,Landoltstrasse,Bürenstrasse 1,3007,Bern,True,29,Active,5,Bern,3358.0,501280,66.0,2.0,E-Bike,,
2023-09-24 03:38:00,592,46.93718143594243,7.4393978740610605,Landoltstrasse,Bürenstrasse 1,3007,Bern,True,29,Active,5,Bern,2120.0,101953,,1.0,Bike,,
2023-09-24 03:38:00,592,46.93718143594243,7.4393978740610605,Landoltstrasse,Bürenstrasse 1,3007,Bern,True,29,Active,5,Bern,2358.0,102506,,1.0,Bike,,
2023-09-24 03:38:00,592,46.93718143594243,7.4393978740610605,Landoltstrasse,Bürenstrasse 1,3007,Bern,True,29,Active,5,Bern,3783.0,103198,,1.0,Bike,,
2023-09-24 03:38:00,592,46.93718143594243,7.4393978740610605,Landoltstrasse,Bürenstrasse 1,3007,Bern,True,29,Active,5,Bern,1980.0,501817,28.0,2.0,E-Bike,,
2023-09-24 03:38:00,592,46.93718143594243,7.4393978740610605,Landoltstrasse,Bürenstrasse 1,3007,Bern,True,29,Active,5,Bern,1617.0,101687,,1.0,Bike,,
2023-09-24 03:38:00,592,46.93718143594243,7.4393978740610605,Landoltstrasse,Bürenstrasse 1,3007,Bern,True,29,Active,5,Bern,3733.0,103108,,1.0,Bike,,
2023-09-24 03:38:00,592,46.93718143594243,7.4393978740610605,Landoltstrasse,Bürenstrasse 1,3007,Bern,True,29,Active,5,Bern,3584.0,102957,,1.0,Bike,,
2023-09-24 03:38:00,592,46.93718143594243,7.4393978740610605,Landoltstrasse,Bürenstrasse 1,3007,Bern,True,29,Active,5,Bern,3897.0,103678,,1.0,Bike,,
2023-09-24 03:38:00,775,46.33961592685363,6.171960914015045,"Founex, Ecolint",Chemin de la Ferme 2,1297,Founex,True,27,Active,9,Région de Nyon,5666.0,503614,60.0,2.0,E-Bike,,
2023-09-24 03:38:00,775,46.33961592685363,6.171960914015045,"Founex, Ecolint",Chemin de la Ferme 2,1297,Founex,True,27,Active,9,Région de Nyon,5850.0,504132,,2.0,E-Bike,,
2023-09-24 03:38:00,137,47.370869,8.548045,Kunsthaus,Heimplatz 1,8001,Zürich,True,26,Active (empty),6,Zürich,,,,,,,
2023-09-24 03:38:00,277,47.413514,8.537816,Lamprechtweg,Birchstrasse 183,8050,Zürich,True,13,Active,6,Zürich,2181.0,101774,,1.0,Bike,,
2023-09-24 03:38:00,277,47.413514,8.537816,Lamprechtweg,Birchstrasse 183,8050,Zürich,True,13,Active,6,Zürich,3744.0,103129,,1.0,Bike,,
2023-09-24 03:38:00,277,47.413514,8.537816,Lamprechtweg,Birchstrasse 183,8050,Zürich,True,13,Active,6,Zürich,3293.0,102909,,1.0,Bike,,
2023-09-24 03:38:00,277,47.413514,8.537816,Lamprechtweg,Birchstrasse 183,8050,Zürich,True,13,Active,6,Zürich,3047.0,104466,,1.0,Bike,,
2023-09-24 03:38:00,277,47.413514,8.537816,Lamprechtweg,Birchstrasse 183,8050,Zürich,True,13,Active,6,Zürich,2194.0,101787,,1.0,Bike,,
2023-09-24 03:38:00,277,47.413514,8.537816,Lamprechtweg,Birchstrasse 183,8050,Zürich,True,13,Active,6,Zürich,3672.0,103051,,1.0,Bike,,
2023-09-24 03:38:00,42,45.998453,8.94848,Arte e Cultura LAC,Via Antonio Caccia,6900,Lugano,True,14,Active,3,Sottoceneri (TI),1742.0,101713,,1.0,Bike,,
2023-09-24 03:38:00,42,45.998453,8.94848,Arte e Cultura LAC,Via Antonio Caccia,6900,Lugano,True,14,Active,3,Sottoceneri (TI),5371.0,104600,,1.0,Bike,,
2023-09-24 03:38:00,42,45.998453,8.94848,Arte e Cultura LAC,Via Antonio Caccia,6900,Lugano,True,14,Active,3,Sottoceneri (TI),1751.0,101732,,1.0,Bike,,
2023-09-24 03:38:00,42,45.998453,8.94848,Arte e Cultura LAC,Via Antonio Caccia,6900,Lugano,True,14,Active,3,Sottoceneri (TI),5573.0,105164,,1.0,Bike,,
2023-09-24 03:38:00,42,45.998453,8.94848,Arte e Cultura LAC,Via Antonio Caccia,6900,Lugano,True,14,Active,3,Sottoceneri (TI),5097.0,104054,,1.0,Bike,,
2023-09-24 03:38:00,42,45.998453,8.94848,Arte e Cultura LAC,Via Antonio Caccia,6900,Lugano,True,14,Active,3,Sottoceneri (TI),1756.0,101718,,1.0,Bike,,
2023-09-24 03:38:00,42,45.998453,8.94848,Arte e Cultura LAC,Via Antonio Caccia,6900,Lugano,True,14,Active,3,Sottoceneri (TI),4183.0,104235,,1.0,Bike,,
2023-09-24 03:38:00,42,45.998453,8.94848,Arte e Cultura LAC,Via Antonio Caccia,6900,Lugano,True,14,Active,3,Sottoceneri (TI),5612.0,104803,,1.0,Bike,,
2023-09-24 03:38:00,42,45.998453,8.94848,Arte e Cultura LAC,Via Antonio Caccia,6900,Lugano,True,14,Active,3,Sottoceneri (TI),1289.0,101101,,1.0,Bike,,
2023-09-24 03:38:00,42,45.998453,8.94848,Arte e Cultura LAC,Via Antonio Caccia,6900,Lugano,True,14,Active,3,Sottoceneri (TI),4068.0,102941,,1.0,Bike,,
2023-09-24 03:38:00,480,46.9371088,7.4322402,Beaumont,Seftigenstrasse 41,3007,Bern,True,21,Active,5,Bern,4528.0,104283,,1.0,Bike,,
2023-09-24 03:38:00,480,46.9371088,7.4322402,Beaumont,Seftigenstrasse 41,3007,Bern,True,21,Active,5,Bern,4035.0,500867,39.0,2.0,E-Bike,,
2023-09-24 03:38:00,480,46.9371088,7.4322402,Beaumont,Seftigenstrasse 41,3007,Bern,True,21,Active,5,Bern,3469.0,502663,74.0,2.0,E-Bike,,
2023-09-24 03:38:00,480,46.9371088,7.4322402,Beaumont,Seftigenstrasse 41,3007,Bern,True,21,Active,5,Bern,4512.0,503051,65.0,2.0,E-Bike,,
2023-09-24 03:38:00,480,46.9371088,7.4322402,Beaumont,Seftigenstrasse 41,3007,Bern,True,21,Active,5,Bern,4504.0,500650,81.0,2.0,E-Bike,,
2023-09-24 03:38:00,480,46.9371088,7.4322402,Beaumont,Seftigenstrasse 41,3007,Bern,True,21,Active,5,Bern,3738.0,103072,,1.0,Bike,,
2023-09-24 03:38:00,480,46.9371088,7.4322402,Beaumont,Seftigenstrasse 41,3007,Bern,True,21,Active,5,Bern,4305.0,500668,79.0,2.0,E-Bike,,
2023-09-24 03:38:00,480,46.9371088,7.4322402,Beaumont,Seftigenstrasse 41,3007,Bern,True,21,Active,5,Bern,4330.0,503168,91.0,2.0,E-Bike,,
2023-09-24 03:38:00,480,46.9371088,7.4322402,Beaumont,Seftigenstrasse 41,3007,Bern,True,21,Active,5,Bern,1640.0,501456,75.0,2.0,E-Bike,,
2023-09-24 03:38:00,480,46.9371088,7.4322402,Beaumont,Seftigenstrasse 41,3007,Bern,True,21,Active,5,Bern,3327.0,501101,25.0,2.0,E-Bike,,
2023-09-24 03:38:00,480,46.9371088,7.4322402,Beaumont,Seftigenstrasse 41,3007,Bern,True,21,Active,5,Bern,1093.0,500464,84.0,2.0,E-Bike,,
2023-09-24 03:38:00,750,45.95289,8.965247,Bissone,Via Collina,6816,Bissone,True,19,Active,3,Sottoceneri (TI),155.0,100174,,1.0,Bike,,
2023-09-24 03:38:00,750,45.95289,8.965247,Bissone,Via Collina,6816,Bissone,True,19,Active,3,Sottoceneri (TI),5438.0,503579,87.0,2.0,E-Bike,,
2023-09-24 03:38:00,750,45.95289,8.965247,Bissone,Via Collina,6816,Bissone,True,19,Active,3,Sottoceneri (TI),5377.0,503709,94.0,2.0,E-Bike,,
2023-09-24 03:38:00,750,45.95289,8.965247,Bissone,Via Collina,6816,Bissone,True,19,Active,3,Sottoceneri (TI),5463.0,104552,,1.0,Bike,,
2023-09-24 03:38:00,750,45.95289,8.965247,Bissone,Via Collina,6816,Bissone,True,19,Active,3,Sottoceneri (TI),5138.0,104058,,1.0,Bike,,
2023-09-24 03:38:00,750,45.95289,8.965247,Bissone,Via Collina,6816,Bissone,True,19,Active,3,Sottoceneri (TI),5576.0,105231,,1.0,Bike,,
2023-09-24 03:38:00,440,46.0166117,8.9596513,Via Beltramina,Via Beltramina 16,6900,Lugano,True,80,Active,3,Sottoceneri (TI),4127.0,500752,54.0,2.0,E-Bike,,
2023-09-24 03:38:00,440,46.0166117,8.9596513,Via Beltramina,Via Beltramina 16,6900,Lugano,True,80,Active,3,Sottoceneri (TI),5443.0,104583,,1.0,Bike,,
2023-09-24 03:38:00,440,46.0166117,8.9596513,Via Beltramina,Via Beltramina 16,6900,Lugano,True,80,Active,3,Sottoceneri (TI),5613.0,104806,,1.0,Bike,,
2023-09-24 03:38:00,440,46.0166117,8.9596513,Via Beltramina,Via Beltramina 16,6900,Lugano,True,80,Active,3,Sottoceneri (TI),5439.0,104582,,1.0,Bike,,
2023-09-24 03:38:00,440,46.0166117,8.9596513,Via Beltramina,Via Beltramina 16,6900,Lugano,True,80,Active,3,Sottoceneri (TI),5361.0,503704,64.0,2.0,E-Bike,,
2023-09-24 03:38:00,440,46.0166117,8.9596513,Via Beltramina,Via Beltramina 16,6900,Lugano,True,80,Active,3,Sottoceneri (TI),5143.0,104040,,1.0,Bike,,
2023-09-24 03:38:00,440,46.0166117,8.9596513,Via Beltramina,Via Beltramina 16,6900,Lugano,True,80,Active,3,Sottoceneri (TI),5590.0,105222,,1.0,Bike,,
2023-09-24 03:38:00,440,46.0166117,8.9596513,Via Beltramina,Via Beltramina 16,6900,Lugano,True,80,Active,3,Sottoceneri (TI),5352.0,104511,,1.0,Bike,,
2023-09-24 03:38:00,440,46.0166117,8.9596513,Via Beltramina,Via Beltramina 16,6900,Lugano,True,80,Active,3,Sottoceneri (TI),5585.0,105211,,1.0,Bike,,
2023-09-24 03:38:00,440,46.0166117,8.9596513,Via Beltramina,Via Beltramina 16,6900,Lugano,True,80,Active,3,Sottoceneri (TI),5604.0,104788,,1.0,Bike,,
2023-09-24 03:38:00,440,46.0166117,8.9596513,Via Beltramina,Via Beltramina 16,6900,Lugano,True,80,Active,3,Sottoceneri (TI),5586.0,105226,,1.0,Bike,,
2023-09-24 03:38:00,440,46.0166117,8.9596513,Via Beltramina,Via Beltramina 16,6900,Lugano,True,80,Active,3,Sottoceneri (TI),5546.0,105158,,1.0,Bike,,
2023-09-24 03:38:00,440,46.0166117,8.9596513,Via Beltramina,Via Beltramina 16,6900,Lugano,True,80,Active,3,Sottoceneri (TI),4188.0,101934,,1.0,Bike,,
2023-09-24 03:38:00,440,46.0166117,8.9596513,Via Beltramina,Via Beltramina 16,6900,Lugano,True,80,Active,3,Sottoceneri (TI),5161.0,104057,,1.0,Bike,,
2023-09-24 03:38:00,779,46.82142609198569,7.10838613913462,Gare de Belfaux-Village,Place de la Gare GFM,1782,Belfaux,True,19,Active,8,Fribourg,5767.0,104995,,1.0,Bike,26.0,Sponsor 26
2023-09-24 03:38:00,779,46.82142609198569,7.10838613913462,Gare de Belfaux-Village,Place de la Gare GFM,1782,Belfaux,True,19,Active,8,Fribourg,5286.0,502457,36.0,2.0,E-Bike,26.0,Sponsor 26
2023-09-24 03:38:00,779,46.82142609198569,7.10838613913462,Gare de Belfaux-Village,Place de la Gare GFM,1782,Belfaux,True,19,Active,8,Fribourg,4253.0,501486,47.0,2.0,E-Bike,26.0,Sponsor 26
2023-09-24 03:38:00,779,46.82142609198569,7.10838613913462,Gare de Belfaux-Village,Place de la Gare GFM,1782,Belfaux,True,19,Active,8,Fribourg,5283.0,502444,60.0,2.0,E-Bike,26.0,Sponsor 26
2023-09-24 03:38:00,779,46.82142609198569,7.10838613913462,Gare de Belfaux-Village,Place de la Gare GFM,1782,Belfaux,True,19,Active,8,Fribourg,4457.0,104258,,1.0,Bike,26.0,Sponsor 26
2023-09-24 03:38:00,779,46.82142609198569,7.10838613913462,Gare de Belfaux-Village,Place de la Gare GFM,1782,Belfaux,True,19,Active,8,Fribourg,1907.0,500956,58.0,2.0,E-Bike,26.0,Sponsor 26
2023-09-24 03:38:00,779,46.82142609198569,7.10838613913462,Gare de Belfaux-Village,Place de la Gare GFM,1782,Belfaux,True,19,Active,8,Fribourg,4258.0,501488,61.0,2.0,E-Bike,26.0,Sponsor 26
2023-09-24 03:38:00,779,46.82142609198569,7.10838613913462,Gare de Belfaux-Village,Place de la Gare GFM,1782,Belfaux,True,19,Active,8,Fribourg,1881.0,500936,58.0,2.0,E-Bike,26.0,Sponsor 26
2023-09-24 03:38:00,779,46.82142609198569,7.10838613913462,Gare de Belfaux-Village,Place de la Gare GFM,1782,Belfaux,True,19,Active,8,Fribourg,5821.0,104473,,1.0,Bike,26.0,Sponsor 26
2023-09-24 03:38:00,779,46.82142609198569,7.10838613913462,Gare de Belfaux-Village,Place de la Gare GFM,1782,Belfaux,True,19,Active,8,Fribourg,5266.0,502435,,2.0,E-Bike,26.0,Sponsor 26
2023-09-24 03:38:00,253,46.9534004,7.4285549,Uni Muesmatt,Muesmattstrasse 29,3012,Bern,True,13,Active,5,Bern,3914.0,500790,54.0,2.0,E-Bike,,
2023-09-24 03:38:00,253,46.9534004,7.4285549,Uni Muesmatt,Muesmattstrasse 29,3012,Bern,True,13,Active,5,Bern,1633.0,502642,19.0,2.0,E-Bike,,
2023-09-24 03:38:00,253,46.9534004,7.4285549,Uni Muesmatt,Muesmattstrasse 29,3012,Bern,True,13,Active,5,Bern,1026.0,503475,72.0,2.0,E-Bike,,
2023-09-24 03:38:00,253,46.9534004,7.4285549,Uni Muesmatt,Muesmattstrasse 29,3012,Bern,True,13,Active,5,Bern,3484.0,502158,89.0,2.0,E-Bike,,
2023-09-24 03:38:00,253,46.9534004,7.4285549,Uni Muesmatt,Muesmattstrasse 29,3012,Bern,True,13,Active,5,Bern,2784.0,501195,12.0,2.0,E-Bike,,
2023-09-24 03:38:00,253,46.9534004,7.4285549,Uni Muesmatt,Muesmattstrasse 29,3012,Bern,True,13,Active,5,Bern,2566.0,501182,57.0,2.0,E-Bike,,
2023-09-24 03:38:00,641,46.81288,7.11461,Les Fluides,Route des Fluides 1,1762,Givisiez,True,22,Active,8,Fribourg,5269.0,502419,69.0,2.0,E-Bike,33.0,Sponsor 33
2023-09-24 03:38:00,641,46.81288,7.11461,Les Fluides,Route des Fluides 1,1762,Givisiez,True,22,Active,8,Fribourg,5272.0,502406,61.0,2.0,E-Bike,33.0,Sponsor 33
2023-09-24 03:38:00,641,46.81288,7.11461,Les Fluides,Route des Fluides 1,1762,Givisiez,True,22,Active,8,Fribourg,1889.0,500930,38.0,2.0,E-Bike,33.0,Sponsor 33
2023-09-24 03:38:00,641,46.81288,7.11461,Les Fluides,Route des Fluides 1,1762,Givisiez,True,22,Active,8,Fribourg,4267.0,503151,,2.0,E-Bike,33.0,Sponsor 33
2023-09-24 03:38:00,641,46.81288,7.11461,Les Fluides,Route des Fluides 1,1762,Givisiez,True,22,Active,8,Fribourg,5679.0,504197,13.0,2.0,E-Bike,33.0,Sponsor 33
2023-09-24 03:38:00,641,46.81288,7.11461,Les Fluides,Route des Fluides 1,1762,Givisiez,True,22,Active,8,Fribourg,4473.0,503004,,2.0,E-Bike,33.0,Sponsor 33
2023-09-24 03:38:00,466,46.9486216,7.3827534,Holenacker Station,Bethlehem b. Bern Holenacker,3027,Bern,True,24,Active,5,Bern,2272.0,103386,,1.0,Bike,,
2023-09-24 03:38:00,466,46.9486216,7.3827534,Holenacker Station,Bethlehem b. Bern Holenacker,3027,Bern,True,24,Active,5,Bern,4106.0,501115,33.0,2.0,E-Bike,,
2023-09-24 03:38:00,466,46.9486216,7.3827534,Holenacker Station,Bethlehem b. Bern Holenacker,3027,Bern,True,24,Active,5,Bern,2288.0,102457,,1.0,Bike,,
2023-09-24 03:38:00,466,46.9486216,7.3827534,Holenacker Station,Bethlehem b. Bern Holenacker,3027,Bern,True,24,Active,5,Bern,3632.0,103014,,1.0,Bike,,
2023-09-24 03:38:00,466,46.9486216,7.3827534,Holenacker Station,Bethlehem b. Bern Holenacker,3027,Bern,True,24,Active,5,Bern,3350.0,501263,31.0,2.0,E-Bike,,
2023-09-24 03:38:00,878,46.948670967854916,7.408147339558864,Los Lorentes Residences,Murtenstrasse 147,3008,Bern,True,26,Active,5,Bern,956.0,500311,99.0,2.0,E-Bike,,
2023-09-24 03:38:00,878,46.948670967854916,7.408147339558864,Los Lorentes Residences,Murtenstrasse 147,3008,Bern,True,26,Active,5,Bern,4971.0,502566,17.0,2.0,E-Bike,,
2023-09-24 03:38:00,878,46.948670967854916,7.408147339558864,Los Lorentes Residences,Murtenstrasse 147,3008,Bern,True,26,Active,5,Bern,1997.0,503748,77.0,2.0,E-Bike,,
2023-09-24 03:38:00,878,46.948670967854916,7.408147339558864,Los Lorentes Residences,Murtenstrasse 147,3008,Bern,True,26,Active,5,Bern,1253.0,501978,99.0,2.0,E-Bike,,
2023-09-24 03:38:00,878,46.948670967854916,7.408147339558864,Los Lorentes Residences,Murtenstrasse 147,3008,Bern,True,26,Active,5,Bern,4316.0,503176,99.0,2.0,E-Bike,,
2023-09-24 03:38:00,878,46.948670967854916,7.408147339558864,Los Lorentes Residences,Murtenstrasse 147,3008,Bern,True,26,Active,5,Bern,4489.0,500659,28.0,2.0,E-Bike,,
2023-09-24 03:38:00,878,46.948670967854916,7.408147339558864,Los Lorentes Residences,Murtenstrasse 147,3008,Bern,True,26,Active,5,Bern,4941.0,502542,23.0,2.0,E-Bike,,
2023-09-24 03:38:00,878,46.948670967854916,7.408147339558864,Los Lorentes Residences,Murtenstrasse 147,3008,Bern,True,26,Active,5,Bern,6175.0,504073,55.0,2.0,E-Bike,,
2023-09-24 03:38:00,878,46.948670967854916,7.408147339558864,Los Lorentes Residences,Murtenstrasse 147,3008,Bern,True,26,Active,5,Bern,2172.0,102004,,1.0,Bike,,
2023-09-24 03:38:00,878,46.948670967854916,7.408147339558864,Los Lorentes Residences,Murtenstrasse 147,3008,Bern,True,26,Active,5,Bern,1400.0,501903,22.0,2.0,E-Bike,,
2023-09-24 03:38:00,461,46.9470671,7.3957642,Bethlehemstrasse Säge,Untermattweg 80,3027,Bern,True,19,Active,5,Bern,1449.0,101613,,1.0,Bike,,
2023-09-24 03:38:00,461,46.9470671,7.3957642,Bethlehemstrasse Säge,Untermattweg 80,3027,Bern,True,19,Active,5,Bern,2001.0,502812,50.0,2.0,E-Bike,,
2023-09-24 03:38:00,461,46.9470671,7.3957642,Bethlehemstrasse Säge,Untermattweg 80,3027,Bern,True,19,Active,5,Bern,1069.0,102142,,1.0,Bike,,
2023-09-24 03:38:00,461,46.9470671,7.3957642,Bethlehemstrasse Säge,Untermattweg 80,3027,Bern,True,19,Active,5,Bern,3466.0,502177,22.0,2.0,E-Bike,,
2023-09-24 03:38:00,711,45.871996543772816,8.994334187178147,Salorino Nucleo,Via S. Rocco 16,6872,Mendrisio,True,16,Active (empty),3,Sottoceneri (TI),,,,,,,
2023-09-24 03:38:00,109,47.37247535,8.53001018,"Werdstrasse, TX Group AG",Werdstrasse 21,8004,Zürich,True,16,Active (empty),6,Zürich,,,,,,40.0,Sponsor 40
2023-09-24 03:38:00,511,46.974841,7.453275,Spital Tiefenau,Tiefenaustrasse 110,3004,Bern,True,40,Active,5,Bern,3636.0,102973,,1.0,Bike,,
2023-09-24 03:38:00,511,46.974841,7.453275,Spital Tiefenau,Tiefenaustrasse 110,3004,Bern,True,40,Active,5,Bern,3847.0,103257,,1.0,Bike,,
2023-09-24 03:38:00,511,46.974841,7.453275,Spital Tiefenau,Tiefenaustrasse 110,3004,Bern,True,40,Active,5,Bern,3715.0,103106,,1.0,Bike,,
2023-09-24 03:38:00,511,46.974841,7.453275,Spital Tiefenau,Tiefenaustrasse 110,3004,Bern,True,40,Active,5,Bern,3712.0,103107,,1.0,Bike,,
2023-09-24 03:38:00,511,46.974841,7.453275,Spital Tiefenau,Tiefenaustrasse 110,3004,Bern,True,40,Active,5,Bern,3854.0,103258,,1.0,Bike,,
2023-09-24 03:38:00,511,46.974841,7.453275,Spital Tiefenau,Tiefenaustrasse 110,3004,Bern,True,40,Active,5,Bern,2756.0,102626,,1.0,Bike,,
2023-09-24 03:38:00,511,46.974841,7.453275,Spital Tiefenau,Tiefenaustrasse 110,3004,Bern,True,40,Active,5,Bern,2743.0,102315,,1.0,Bike,,
2023-09-24 03:38:00,731,46.380297084312886,6.240987669660989,"Nyon, Place de Savoie","Nyon, Place de Savoie",1260,Nyon,True,22,Active,9,Région de Nyon,1949.0,501136,33.0,2.0,E-Bike,,
2023-09-24 03:38:00,731,46.380297084312886,6.240987669660989,"Nyon, Place de Savoie","Nyon, Place de Savoie",1260,Nyon,True,22,Active,9,Région de Nyon,2231.0,101874,,1.0,Bike,,
2023-09-24 03:38:00,731,46.380297084312886,6.240987669660989,"Nyon, Place de Savoie","Nyon, Place de Savoie",1260,Nyon,True,22,Active,9,Région de Nyon,5784.0,103350,,1.0,Bike,,
2023-09-24 03:38:00,731,46.380297084312886,6.240987669660989,"Nyon, Place de Savoie","Nyon, Place de Savoie",1260,Nyon,True,22,Active,9,Région de Nyon,5667.0,103342,,1.0,Bike,,
2023-09-24 03:38:00,795,46.80627599825691,7.175202933966421,Schönberg Chaley,Route Joseph-Chaley,1700,Fribourg,True,21,Active,8,Fribourg,1922.0,500987,35.0,2.0,E-Bike,26.0,Sponsor 26
2023-09-24 03:38:00,829,46.8934148092464,7.3518540937205685,Thörishaus Dorf SBB SwissBikePark,Sensemattstrasse 21,3174,Thörishaus,True,80,Active,5,Bern,2514.0,503842,15.0,2.0,E-Bike,,
2023-09-24 03:38:00,829,46.8934148092464,7.3518540937205685,Thörishaus Dorf SBB SwissBikePark,Sensemattstrasse 21,3174,Thörishaus,True,80,Active,5,Bern,1809.0,501320,58.0,2.0,E-Bike,,
2023-09-24 03:38:00,721,45.85200343,9.016464562,Morbio Municipio,Via Giuseppe Cereghetti 8,6834,Morbio Inferiore,True,24,Active,3,Sottoceneri (TI),1797.0,501629,88.0,2.0,E-Bike,,
2023-09-24 03:38:00,721,45.85200343,9.016464562,Morbio Municipio,Via Giuseppe Cereghetti 8,6834,Morbio Inferiore,True,24,Active,3,Sottoceneri (TI),171.0,100193,,1.0,Bike,,
2023-09-24 03:38:00,721,45.85200343,9.016464562,Morbio Municipio,Via Giuseppe Cereghetti 8,6834,Morbio Inferiore,True,24,Active,3,Sottoceneri (TI),5473.0,104455,,1.0,Bike,,
2023-09-24 03:38:00,721,45.85200343,9.016464562,Morbio Municipio,Via Giuseppe Cereghetti 8,6834,Morbio Inferiore,True,24,Active,3,Sottoceneri (TI),1690.0,501690,82.0,2.0,E-Bike,,
2023-09-24 03:38:00,786,46.5275155987152,6.5727380643235245,Café de Chavannes,Route de la Maladière 40,1022,Chavannes-près-Renens,True,13,Active,2,Lausanne-Morges,294.0,100137,,1.0,Bike,47.0,Sponsor 47
2023-09-24 03:38:00,786,46.5275155987152,6.5727380643235245,Café de Chavannes,Route de la Maladière 40,1022,Chavannes-près-Renens,True,13,Active,2,Lausanne-Morges,105.0,100106,,1.0,Bike,47.0,Sponsor 47
2023-09-24 03:38:00,682,46.938845,7.4210796,Kirchbergerstrasse,Kirchbergerstrasse 41,3008,Bern,True,80,Active,5,Bern,6015.0,503898,78.0,2.0,E-Bike,,
2023-09-24 03:38:00,682,46.938845,7.4210796,Kirchbergerstrasse,Kirchbergerstrasse 41,3008,Bern,True,80,Active,5,Bern,1131.0,500461,36.0,2.0,E-Bike,,
2023-09-24 03:38:00,682,46.938845,7.4210796,Kirchbergerstrasse,Kirchbergerstrasse 41,3008,Bern,True,80,Active,5,Bern,1164.0,500383,21.0,2.0,E-Bike,,
2023-09-24 03:38:00,371,46.933433,7.466467,Elfenau,Elfenauweg 92,3006,Bern,True,10,Active,5,Bern,1394.0,501738,97.0,2.0,E-Bike,,
2023-09-24 03:38:00,371,46.933433,7.466467,Elfenau,Elfenauweg 92,3006,Bern,True,10,Active,5,Bern,2755.0,102133,,1.0,Bike,,
2023-09-24 03:38:00,371,46.933433,7.466467,Elfenau,Elfenauweg 92,3006,Bern,True,10,Active,5,Bern,2112.0,101967,,1.0,Bike,,
2023-09-24 03:38:00,371,46.933433,7.466467,Elfenau,Elfenauweg 92,3006,Bern,True,10,Active,5,Bern,4154.0,500646,50.0,2.0,E-Bike,,
2023-09-24 03:38:00,371,46.933433,7.466467,Elfenau,Elfenauweg 92,3006,Bern,True,10,Active,5,Bern,1612.0,103379,,1.0,Bike,,
2023-09-24 03:38:00,371,46.933433,7.466467,Elfenau,Elfenauweg 92,3006,Bern,True,10,Active,5,Bern,2111.0,103393,,1.0,Bike,,
2023-09-24 03:38:00,371,46.933433,7.466467,Elfenau,Elfenauweg 92,3006,Bern,True,10,Active,5,Bern,3881.0,500763,99.0,2.0,E-Bike,,
2023-09-24 03:38:00,371,46.933433,7.466467,Elfenau,Elfenauweg 92,3006,Bern,True,10,Active,5,Bern,3168.0,102693,,1.0,Bike,,
2023-09-24 03:38:00,371,46.933433,7.466467,Elfenau,Elfenauweg 92,3006,Bern,True,10,Active,5,Bern,4562.0,104079,,1.0,Bike,,
2023-09-24 03:38:00,371,46.933433,7.466467,Elfenau,Elfenauweg 92,3006,Bern,True,10,Active,5,Bern,2162.0,102376,,1.0,Bike,,
2023-09-24 03:38:00,522,47.444516,8.582115,Schluefweg,Schluefweg 10,8302,Kloten,True,18,Active,6,Zürich,3515.0,501478,38.0,2.0,E-Bike,,
2023-09-24 03:38:00,522,47.444516,8.582115,Schluefweg,Schluefweg 10,8302,Kloten,True,18,Active,6,Zürich,4404.0,104951,,1.0,Bike,,
2023-09-24 03:38:00,522,47.444516,8.582115,Schluefweg,Schluefweg 10,8302,Kloten,True,18,Active,6,Zürich,750.0,500166,56.0,2.0,E-Bike,,
2023-09-24 03:38:00,522,47.444516,8.582115,Schluefweg,Schluefweg 10,8302,Kloten,True,18,Active,6,Zürich,4694.0,500676,36.0,2.0,E-Bike,,
2023-09-24 03:38:00,522,47.444516,8.582115,Schluefweg,Schluefweg 10,8302,Kloten,True,18,Active,6,Zürich,2671.0,503536,62.0,2.0,E-Bike,,
2023-09-24 03:38:00,334,46.520202,6.571784,Forel,Avenue Forel,1015,Ecublens,True,24,Active,2,Lausanne-Morges,5082.0,502900,83.0,2.0,E-Bike,5.0,Sponsor 05
2023-09-24 03:38:00,334,46.520202,6.571784,Forel,Avenue Forel,1015,Ecublens,True,24,Active,2,Lausanne-Morges,2033.0,104698,,1.0,Bike,5.0,Sponsor 05
2023-09-24 03:38:00,60,47.374785,8.539882,Werdmühleplatz,Werdmühleplatz 1,8001,Zürich,True,13,Active,6,Zürich,2461.0,102617,,1.0,Bike,,
2023-09-24 03:38:00,60,47.374785,8.539882,Werdmühleplatz,Werdmühleplatz 1,8001,Zürich,True,13,Active,6,Zürich,2866.0,501554,74.0,2.0,E-Bike,,
2023-09-24 03:38:00,60,47.374785,8.539882,Werdmühleplatz,Werdmühleplatz 1,8001,Zürich,True,13,Active,6,Zürich,3675.0,103068,,1.0,Bike,,
2023-09-24 03:38:00,60,47.374785,8.539882,Werdmühleplatz,Werdmühleplatz 1,8001,Zürich,True,13,Active,6,Zürich,4414.0,503274,37.0,2.0,E-Bike,,
2023-09-24 03:38:00,60,47.374785,8.539882,Werdmühleplatz,Werdmühleplatz 1,8001,Zürich,True,13,Active,6,Zürich,2877.0,102663,,1.0,Bike,,
2023-09-24 03:38:00,60,47.374785,8.539882,Werdmühleplatz,Werdmühleplatz 1,8001,Zürich,True,13,Active,6,Zürich,3388.0,102914,,1.0,Bike,,
2023-09-24 03:38:00,60,47.374785,8.539882,Werdmühleplatz,Werdmühleplatz 1,8001,Zürich,True,13,Active,6,Zürich,837.0,500237,29.0,2.0,E-Bike,,
2023-09-24 03:38:00,60,47.374785,8.539882,Werdmühleplatz,Werdmühleplatz 1,8001,Zürich,True,13,Active,6,Zürich,2430.0,101302,,1.0,Bike,,
2023-09-24 03:38:00,60,47.374785,8.539882,Werdmühleplatz,Werdmühleplatz 1,8001,Zürich,True,13,Active,6,Zürich,3537.0,102067,,1.0,Bike,,
2023-09-24 03:38:00,558,47.370037,8.518185,Schmiede Wiedikon,Brinerstrasse 2,8003,Zürich,True,27,Active,6,Zürich,585.0,101236,,1.0,Bike,,
2023-09-24 03:38:00,558,47.370037,8.518185,Schmiede Wiedikon,Brinerstrasse 2,8003,Zürich,True,27,Active,6,Zürich,1577.0,101668,,1.0,Bike,,
2023-09-24 03:38:00,558,47.370037,8.518185,Schmiede Wiedikon,Brinerstrasse 2,8003,Zürich,True,27,Active,6,Zürich,806.0,503906,28.0,2.0,E-Bike,,
2023-09-24 03:38:00,558,47.370037,8.518185,Schmiede Wiedikon,Brinerstrasse 2,8003,Zürich,True,27,Active,6,Zürich,614.0,101378,,1.0,Bike,,
2023-09-24 03:38:00,558,47.370037,8.518185,Schmiede Wiedikon,Brinerstrasse 2,8003,Zürich,True,27,Active,6,Zürich,3119.0,501070,88.0,2.0,E-Bike,,
2023-09-24 03:38:00,558,47.370037,8.518185,Schmiede Wiedikon,Brinerstrasse 2,8003,Zürich,True,27,Active,6,Zürich,4381.0,503672,50.0,2.0,E-Bike,,
2023-09-24 03:38:00,558,47.370037,8.518185,Schmiede Wiedikon,Brinerstrasse 2,8003,Zürich,True,27,Active,6,Zürich,3524.0,503450,74.0,2.0,E-Bike,,
2023-09-24 03:38:00,558,47.370037,8.518185,Schmiede Wiedikon,Brinerstrasse 2,8003,Zürich,True,27,Active,6,Zürich,2710.0,501387,80.0,2.0,E-Bike,,
2023-09-24 03:38:00,483,46.9390885,7.4286407,Beaumontweg,Schwarzenburgstrasse 21,3007,Bern,True,27,Active,5,Bern,1031.0,500358,56.0,2.0,E-Bike,,
2023-09-24 03:38:00,483,46.9390885,7.4286407,Beaumontweg,Schwarzenburgstrasse 21,3007,Bern,True,27,Active,5,Bern,4746.0,500731,95.0,2.0,E-Bike,,
2023-09-24 03:38:00,483,46.9390885,7.4286407,Beaumontweg,Schwarzenburgstrasse 21,3007,Bern,True,27,Active,5,Bern,4973.0,503521,81.0,2.0,E-Bike,,
2023-09-24 03:38:00,483,46.9390885,7.4286407,Beaumontweg,Schwarzenburgstrasse 21,3007,Bern,True,27,Active,5,Bern,2129.0,101940,,1.0,Bike,,
2023-09-24 03:38:00,483,46.9390885,7.4286407,Beaumontweg,Schwarzenburgstrasse 21,3007,Bern,True,27,Active,5,Bern,4302.0,503186,64.0,2.0,E-Bike,,
2023-09-24 03:38:00,483,46.9390885,7.4286407,Beaumontweg,Schwarzenburgstrasse 21,3007,Bern,True,27,Active,5,Bern,2018.0,501936,52.0,2.0,E-Bike,,
2023-09-24 03:38:00,370,47.4039985,8.5721264,Schwamendingerplatz,Winterthurerstrasse 519,8051,Zürich,True,18,Active,6,Zürich,2718.0,501035,57.0,2.0,E-Bike,,
2023-09-24 03:38:00,370,47.4039985,8.5721264,Schwamendingerplatz,Winterthurerstrasse 519,8051,Zürich,True,18,Active,6,Zürich,698.0,500212,21.0,2.0,E-Bike,,
2023-09-24 03:38:00,370,47.4039985,8.5721264,Schwamendingerplatz,Winterthurerstrasse 519,8051,Zürich,True,18,Active,6,Zürich,3271.0,102862,,1.0,Bike,,
2023-09-24 03:38:00,370,47.4039985,8.5721264,Schwamendingerplatz,Winterthurerstrasse 519,8051,Zürich,True,18,Active,6,Zürich,2470.0,102613,,1.0,Bike,,
2023-09-24 03:38:00,370,47.4039985,8.5721264,Schwamendingerplatz,Winterthurerstrasse 519,8051,Zürich,True,18,Active,6,Zürich,2426.0,102568,,1.0,Bike,,
2023-09-24 03:38:00,370,47.4039985,8.5721264,Schwamendingerplatz,Winterthurerstrasse 519,8051,Zürich,True,18,Active,6,Zürich,4688.0,504022,,2.0,E-Bike,,
2023-09-24 03:38:00,370,47.4039985,8.5721264,Schwamendingerplatz,Winterthurerstrasse 519,8051,Zürich,True,18,Active,6,Zürich,709.0,500413,76.0,2.0,E-Bike,,
2023-09-24 03:38:00,370,47.4039985,8.5721264,Schwamendingerplatz,Winterthurerstrasse 519,8051,Zürich,True,18,Active,6,Zürich,4631.0,503109,76.0,2.0,E-Bike,,
2023-09-24 03:38:00,370,47.4039985,8.5721264,Schwamendingerplatz,Winterthurerstrasse 519,8051,Zürich,True,18,Active,6,Zürich,3291.0,102886,,1.0,Bike,,
2023-09-24 03:38:00,370,47.4039985,8.5721264,Schwamendingerplatz,Winterthurerstrasse 519,8051,Zürich,True,18,Active,6,Zürich,4865.0,500556,29.0,2.0,E-Bike,,
2023-09-24 03:38:00,370,47.4039985,8.5721264,Schwamendingerplatz,Winterthurerstrasse 519,8051,Zürich,True,18,Active,6,Zürich,540.0,101381,,1.0,Bike,,
2023-09-24 03:38:00,370,47.4039985,8.5721264,Schwamendingerplatz,Winterthurerstrasse 519,8051,Zürich,True,18,Active,6,Zürich,531.0,101244,,1.0,Bike,,
2023-09-24 03:38:00,370,47.4039985,8.5721264,Schwamendingerplatz,Winterthurerstrasse 519,8051,Zürich,True,18,Active,6,Zürich,704.0,500294,34.0,2.0,E-Bike,,
2023-09-24 03:38:00,422,46.92775,7.453419,Tram-Endstation,Seftigenstrasse 280,3084,Köniz,True,30,Active,5,Bern,4511.0,503034,66.0,2.0,E-Bike,,
2023-09-24 03:38:00,422,46.92775,7.453419,Tram-Endstation,Seftigenstrasse 280,3084,Köniz,True,30,Active,5,Bern,3490.0,502176,85.0,2.0,E-Bike,,
2023-09-24 03:38:00,422,46.92775,7.453419,Tram-Endstation,Seftigenstrasse 280,3084,Köniz,True,30,Active,5,Bern,958.0,500316,52.0,2.0,E-Bike,,
2023-09-24 03:38:00,422,46.92775,7.453419,Tram-Endstation,Seftigenstrasse 280,3084,Köniz,True,30,Active,5,Bern,3154.0,102182,,1.0,Bike,,
2023-09-24 03:38:00,422,46.92775,7.453419,Tram-Endstation,Seftigenstrasse 280,3084,Köniz,True,30,Active,5,Bern,3352.0,501264,47.0,2.0,E-Bike,,
2023-09-24 03:38:00,454,47.364871,8.537971,General-Guisan-Quai,General-Guisan-Quai 17,8002,Zürich,True,24,Active,6,Zürich,634.0,101395,,1.0,Bike,,
2023-09-24 03:38:00,454,47.364871,8.537971,General-Guisan-Quai,General-Guisan-Quai 17,8002,Zürich,True,24,Active,6,Zürich,3295.0,102906,,1.0,Bike,,
2023-09-24 03:38:00,519,47.430911,8.562033,Bahnhof Opfikon,Schaffhauserstrasse 64,8152,Opfikon,True,18,Active,6,Zürich,3124.0,102848,,1.0,Bike,,
2023-09-24 03:38:00,519,47.430911,8.562033,Bahnhof Opfikon,Schaffhauserstrasse 64,8152,Opfikon,True,18,Active,6,Zürich,923.0,500277,63.0,2.0,E-Bike,,
2023-09-24 03:38:00,519,47.430911,8.562033,Bahnhof Opfikon,Schaffhauserstrasse 64,8152,Opfikon,True,18,Active,6,Zürich,3128.0,102184,,1.0,Bike,,
2023-09-24 03:38:00,519,47.430911,8.562033,Bahnhof Opfikon,Schaffhauserstrasse 64,8152,Opfikon,True,18,Active,6,Zürich,514.0,101228,,1.0,Bike,,
2023-09-24 03:38:00,690,45.83031984322107,8.996931081752528,Seseglio,Via Campagna 4,6832,Pedrinate (località Seseglio),True,21,Active,3,Sottoceneri (TI),5017.0,502828,81.0,2.0,E-Bike,,
2023-09-24 03:38:00,690,45.83031984322107,8.996931081752528,Seseglio,Via Campagna 4,6832,Pedrinate (località Seseglio),True,21,Active,3,Sottoceneri (TI),1334.0,500133,90.0,2.0,E-Bike,,
2023-09-24 03:38:00,690,45.83031984322107,8.996931081752528,Seseglio,Via Campagna 4,6832,Pedrinate (località Seseglio),True,21,Active,3,Sottoceneri (TI),3.0,100162,84.0,2.0,E-Bike,,
2023-09-24 03:38:00,690,45.83031984322107,8.996931081752528,Seseglio,Via Campagna 4,6832,Pedrinate (località Seseglio),True,21,Active,3,Sottoceneri (TI),176.0,100068,,1.0,Bike,,
2023-09-24 03:38:00,690,45.83031984322107,8.996931081752528,Seseglio,Via Campagna 4,6832,Pedrinate (località Seseglio),True,21,Active,3,Sottoceneri (TI),5409.0,503694,77.0,2.0,E-Bike,,
2023-09-24 03:38:00,690,45.83031984322107,8.996931081752528,Seseglio,Via Campagna 4,6832,Pedrinate (località Seseglio),True,21,Active,3,Sottoceneri (TI),5398.0,500896,59.0,2.0,E-Bike,,
2023-09-24 03:38:00,690,45.83031984322107,8.996931081752528,Seseglio,Via Campagna 4,6832,Pedrinate (località Seseglio),True,21,Active,3,Sottoceneri (TI),1743.0,101730,,1.0,Bike,,
2023-09-24 03:38:00,181,46.9378963,7.3954739,Bahnhof Bümpliz Süd,Bümplizstrasse 187,3018,Bern,True,13,Active,5,Bern,2171.0,102372,,1.0,Bike,,
2023-09-24 03:38:00,181,46.9378963,7.3954739,Bahnhof Bümpliz Süd,Bümplizstrasse 187,3018,Bern,True,13,Active,5,Bern,4539.0,104288,,1.0,Bike,,
2023-09-24 03:38:00,250,46.9490849,7.4444363,Waisenhausplatz,Waisenhausplatz 21,3011,Bern,True,10,Active (empty),5,Bern,,,,,,,
2023-09-24 03:38:00,803,46.51196729119777,6.4849846482546685,Eglantine,Promenade de l'Eglantine 1,1110,Morges,True,16,Active,2,Lausanne-Morges,5754.0,503824,74.0,2.0,E-Bike,51.0,Sponsor 51
2023-09-24 03:38:00,803,46.51196729119777,6.4849846482546685,Eglantine,Promenade de l'Eglantine 1,1110,Morges,True,16,Active,2,Lausanne-Morges,6104.0,104758,,1.0,Bike,51.0,Sponsor 51
2023-09-24 03:38:00,803,46.51196729119777,6.4849846482546685,Eglantine,Promenade de l'Eglantine 1,1110,Morges,True,16,Active,2,Lausanne-Morges,59.0,100459,34.0,2.0,E-Bike,51.0,Sponsor 51
2023-09-24 03:38:00,799,46.80778475,7.1029457,"Corminboeuf, Route du Centre",Route du Centre 13,1720,Corminboeuf,True,10,Active,8,Fribourg,5278.0,502455,,2.0,E-Bike,26.0,Sponsor 26
2023-09-24 03:38:00,799,46.80778475,7.1029457,"Corminboeuf, Route du Centre",Route du Centre 13,1720,Corminboeuf,True,10,Active,8,Fribourg,5654.0,102740,,1.0,Bike,26.0,Sponsor 26
2023-09-24 03:38:00,799,46.80778475,7.1029457,"Corminboeuf, Route du Centre",Route du Centre 13,1720,Corminboeuf,True,10,Active,8,Fribourg,1863.0,101740,,1.0,Bike,26.0,Sponsor 26
2023-09-24 03:38:00,799,46.80778475,7.1029457,"Corminboeuf, Route du Centre",Route du Centre 13,1720,Corminboeuf,True,10,Active,8,Fribourg,1882.0,500934,46.0,2.0,E-Bike,26.0,Sponsor 26
2023-09-24 03:38:00,799,46.80778475,7.1029457,"Corminboeuf, Route du Centre",Route du Centre 13,1720,Corminboeuf,True,10,Active,8,Fribourg,5878.0,504176,,2.0,E-Bike,26.0,Sponsor 26
2023-09-24 03:38:00,709,45.86959228856764,8.989624365925325,Mendrisio La Filanda,Largo Mario Soldini,6859,Mendrisio,True,18,Active,3,Sottoceneri (TI),5577.0,104895,,1.0,Bike,,
2023-09-24 03:38:00,709,45.86959228856764,8.989624365925325,Mendrisio La Filanda,Largo Mario Soldini,6859,Mendrisio,True,18,Active,3,Sottoceneri (TI),1723.0,501653,81.0,2.0,E-Bike,,
2023-09-24 03:38:00,709,45.86959228856764,8.989624365925325,Mendrisio La Filanda,Largo Mario Soldini,6859,Mendrisio,True,18,Active,3,Sottoceneri (TI),5125.0,104099,,1.0,Bike,,
2023-09-24 03:38:00,709,45.86959228856764,8.989624365925325,Mendrisio La Filanda,Largo Mario Soldini,6859,Mendrisio,True,18,Active,3,Sottoceneri (TI),5024.0,502841,81.0,2.0,E-Bike,,
2023-09-24 03:38:00,777,46.80799726436817,7.143350342709623,Route des Noisetiers,Route des Noisetiers,1700,Fribourg,True,18,Active,8,Fribourg,1908.0,500943,53.0,2.0,E-Bike,26.0,Sponsor 26
2023-09-24 03:38:00,777,46.80799726436817,7.143350342709623,Route des Noisetiers,Route des Noisetiers,1700,Fribourg,True,18,Active,8,Fribourg,4255.0,501490,87.0,2.0,E-Bike,26.0,Sponsor 26
2023-09-24 03:38:00,777,46.80799726436817,7.143350342709623,Route des Noisetiers,Route des Noisetiers,1700,Fribourg,True,18,Active,8,Fribourg,5276.0,502441,72.0,2.0,E-Bike,26.0,Sponsor 26
2023-09-24 03:38:00,777,46.80799726436817,7.143350342709623,Route des Noisetiers,Route des Noisetiers,1700,Fribourg,True,18,Active,8,Fribourg,4266.0,501512,,2.0,E-Bike,26.0,Sponsor 26
2023-09-24 03:38:00,822,46.95812,7.48801,Zollgasse,Untere Zollgasse 4,3072,Ostermundigen,True,80,Active,5,Bern,972.0,101575,,1.0,Bike,,
2023-09-24 03:38:00,822,46.95812,7.48801,Zollgasse,Untere Zollgasse 4,3072,Ostermundigen,True,80,Active,5,Bern,1414.0,501904,50.0,2.0,E-Bike,,
2023-09-24 03:38:00,129,47.379952,8.542726,Stampfenbachplatz,Walchestrasse 11,8006,Zürich,True,27,Active,6,Zürich,3499.0,502218,29.0,2.0,E-Bike,,
2023-09-24 03:38:00,129,47.379952,8.542726,Stampfenbachplatz,Walchestrasse 11,8006,Zürich,True,27,Active,6,Zürich,581.0,101278,,1.0,Bike,,
2023-09-24 03:38:00,666,46.997311304908294,7.458796441962296,Ziegelei Märit,Märitgasse 1,3052,Zollikofen,True,80,Active,5,Bern,3026.0,102322,,1.0,Bike,,
2023-09-24 03:38:00,666,46.997311304908294,7.458796441962296,Ziegelei Märit,Märitgasse 1,3052,Zollikofen,True,80,Active,5,Bern,4023.0,502624,24.0,2.0,E-Bike,,
2023-09-24 03:38:00,667,46.99996912619948,7.442087059202756,Geisshubel Zollikofen,Im Kläyhof 2,3052,Zollikofen,True,80,Active,5,Bern,2516.0,501164,14.0,2.0,E-Bike,,
2023-09-24 03:38:00,667,46.99996912619948,7.442087059202756,Geisshubel Zollikofen,Im Kläyhof 2,3052,Zollikofen,True,80,Active,5,Bern,3903.0,103680,,1.0,Bike,,
2023-09-24 03:38:00,667,46.99996912619948,7.442087059202756,Geisshubel Zollikofen,Im Kläyhof 2,3052,Zollikofen,True,80,Active,5,Bern,1045.0,502668,66.0,2.0,E-Bike,,
2023-09-24 03:38:00,667,46.99996912619948,7.442087059202756,Geisshubel Zollikofen,Im Kläyhof 2,3052,Zollikofen,True,80,Active,5,Bern,3032.0,504466,31.0,2.0,E-Bike,,
2023-09-24 03:38:00,332,46.943804,7.4694264,Egelgasse-Ostring,Egelgasse 72,3006,Bern,True,6,Active,5,Bern,2741.0,102316,,1.0,Bike,,
2023-09-24 03:38:00,332,46.943804,7.4694264,Egelgasse-Ostring,Egelgasse 72,3006,Bern,True,6,Active,5,Bern,3909.0,500768,92.0,2.0,E-Bike,,
2023-09-24 03:38:00,332,46.943804,7.4694264,Egelgasse-Ostring,Egelgasse 72,3006,Bern,True,6,Active,5,Bern,3454.0,502252,87.0,2.0,E-Bike,,
2023-09-24 03:38:00,332,46.943804,7.4694264,Egelgasse-Ostring,Egelgasse 72,3006,Bern,True,6,Active,5,Bern,3896.0,500771,83.0,2.0,E-Bike,,
2023-09-24 03:38:00,332,46.943804,7.4694264,Egelgasse-Ostring,Egelgasse 72,3006,Bern,True,6,Active,5,Bern,1810.0,501109,60.0,2.0,E-Bike,,
2023-09-24 03:38:00,332,46.943804,7.4694264,Egelgasse-Ostring,Egelgasse 72,3006,Bern,True,6,Active,5,Bern,4323.0,502656,55.0,2.0,E-Bike,,
2023-09-24 03:38:00,332,46.943804,7.4694264,Egelgasse-Ostring,Egelgasse 72,3006,Bern,True,6,Active,5,Bern,4093.0,500870,,2.0,E-Bike,,
2023-09-24 03:38:00,332,46.943804,7.4694264,Egelgasse-Ostring,Egelgasse 72,3006,Bern,True,6,Active,5,Bern,4964.0,502562,39.0,2.0,E-Bike,,
2023-09-24 03:38:00,332,46.943804,7.4694264,Egelgasse-Ostring,Egelgasse 72,3006,Bern,True,6,Active,5,Bern,4935.0,502987,37.0,2.0,E-Bike,,
2023-09-24 03:38:00,518,47.39572,8.62328,Oberdorf,Alte Oberdorfstrasse 15,8600,Dübendorf,True,14,Active,6,Zürich,812.0,500259,57.0,2.0,E-Bike,,
2023-09-24 03:38:00,518,47.39572,8.62328,Oberdorf,Alte Oberdorfstrasse 15,8600,Dübendorf,True,14,Active,6,Zürich,3392.0,500305,57.0,2.0,E-Bike,,
2023-09-24 03:38:00,518,47.39572,8.62328,Oberdorf,Alte Oberdorfstrasse 15,8600,Dübendorf,True,14,Active,6,Zürich,3395.0,503456,85.0,2.0,E-Bike,,
2023-09-24 03:38:00,810,46.419162,6.282356,"Gland, Place Riant-Coteau",Rue du Riant-Coteau,1196,Gland,True,26,Active,9,Région de Nyon,5833.0,104668,,1.0,Bike,,
2023-09-24 03:38:00,810,46.419162,6.282356,"Gland, Place Riant-Coteau",Rue du Riant-Coteau,1196,Gland,True,26,Active,9,Région de Nyon,5885.0,105067,,1.0,Bike,,
2023-09-24 03:38:00,810,46.419162,6.282356,"Gland, Place Riant-Coteau",Rue du Riant-Coteau,1196,Gland,True,26,Active,9,Région de Nyon,1331.0,101071,,1.0,Bike,,
2023-09-24 03:38:00,810,46.419162,6.282356,"Gland, Place Riant-Coteau",Rue du Riant-Coteau,1196,Gland,True,26,Active,9,Région de Nyon,5658.0,103352,,1.0,Bike,,
2023-09-24 03:38:00,810,46.419162,6.282356,"Gland, Place Riant-Coteau",Rue du Riant-Coteau,1196,Gland,True,26,Active,9,Région de Nyon,1321.0,101143,,1.0,Bike,,
2023-09-24 03:38:00,810,46.419162,6.282356,"Gland, Place Riant-Coteau",Rue du Riant-Coteau,1196,Gland,True,26,Active,9,Région de Nyon,1681.0,101698,,1.0,Bike,,
2023-09-24 03:38:00,810,46.419162,6.282356,"Gland, Place Riant-Coteau",Rue du Riant-Coteau,1196,Gland,True,26,Active,9,Région de Nyon,263.0,100207,,1.0,Bike,,
2023-09-24 03:38:00,295,46.9371056,7.4178248,Sporthalle Weissenstein,Hardeggerstrasse 1,3008,Bern,True,10,Active,5,Bern,2000.0,501947,68.0,2.0,E-Bike,,
2023-09-24 03:38:00,295,46.9371056,7.4178248,Sporthalle Weissenstein,Hardeggerstrasse 1,3008,Bern,True,10,Active,5,Bern,4884.0,500543,87.0,2.0,E-Bike,,
2023-09-24 03:38:00,295,46.9371056,7.4178248,Sporthalle Weissenstein,Hardeggerstrasse 1,3008,Bern,True,10,Active,5,Bern,4957.0,502547,58.0,2.0,E-Bike,,
2023-09-24 03:38:00,456,46.965031,7.4589906,Wankdorffeldstrasse,Wankdorffeldstrasse 97,3014,Bern,True,40,Active,5,Bern,4165.0,500670,33.0,2.0,E-Bike,,
2023-09-24 03:38:00,456,46.965031,7.4589906,Wankdorffeldstrasse,Wankdorffeldstrasse 97,3014,Bern,True,40,Active,5,Bern,4594.0,503098,71.0,2.0,E-Bike,,
2023-09-24 03:38:00,456,46.965031,7.4589906,Wankdorffeldstrasse,Wankdorffeldstrasse 97,3014,Bern,True,40,Active,5,Bern,2804.0,501360,85.0,2.0,E-Bike,,
2023-09-24 03:38:00,456,46.965031,7.4589906,Wankdorffeldstrasse,Wankdorffeldstrasse 97,3014,Bern,True,40,Active,5,Bern,3884.0,500793,75.0,2.0,E-Bike,,
2023-09-24 03:38:00,456,46.965031,7.4589906,Wankdorffeldstrasse,Wankdorffeldstrasse 97,3014,Bern,True,40,Active,5,Bern,1361.0,501893,28.0,2.0,E-Bike,,
2023-09-24 03:38:00,456,46.965031,7.4589906,Wankdorffeldstrasse,Wankdorffeldstrasse 97,3014,Bern,True,40,Active,5,Bern,1101.0,500996,89.0,2.0,E-Bike,,
2023-09-24 03:38:00,158,47.373675,8.545505,Predigerplatz,Predigerpatz 21,8001,Zürich,True,32,Active,6,Zürich,3074.0,101851,,1.0,Bike,,
2023-09-24 03:38:00,158,47.373675,8.545505,Predigerplatz,Predigerpatz 21,8001,Zürich,True,32,Active,6,Zürich,3134.0,501014,60.0,2.0,E-Bike,,
2023-09-24 03:38:00,158,47.373675,8.545505,Predigerplatz,Predigerpatz 21,8001,Zürich,True,32,Active,6,Zürich,2215.0,101791,,1.0,Bike,,
2023-09-24 03:38:00,158,47.373675,8.545505,Predigerplatz,Predigerpatz 21,8001,Zürich,True,32,Active,6,Zürich,538.0,102075,,1.0,Bike,,
2023-09-24 03:38:00,158,47.373675,8.545505,Predigerplatz,Predigerpatz 21,8001,Zürich,True,32,Active,6,Zürich,2406.0,102533,,1.0,Bike,,
2023-09-24 03:38:00,393,47.415721,8.538067,Oerliker Park,Birchstrasse 191,8050,Zürich,True,13,Active,6,Zürich,3050.0,102346,,1.0,Bike,,
2023-09-24 03:38:00,393,47.415721,8.538067,Oerliker Park,Birchstrasse 191,8050,Zürich,True,13,Active,6,Zürich,2641.0,501028,53.0,2.0,E-Bike,,
2023-09-24 03:38:00,393,47.415721,8.538067,Oerliker Park,Birchstrasse 191,8050,Zürich,True,13,Active,6,Zürich,3269.0,102689,,1.0,Bike,,
2023-09-24 03:38:00,393,47.415721,8.538067,Oerliker Park,Birchstrasse 191,8050,Zürich,True,13,Active,6,Zürich,3977.0,500815,61.0,2.0,E-Bike,,
2023-09-24 03:38:00,393,47.415721,8.538067,Oerliker Park,Birchstrasse 191,8050,Zürich,True,13,Active,6,Zürich,3379.0,102898,,1.0,Bike,,
2023-09-24 03:38:00,393,47.415721,8.538067,Oerliker Park,Birchstrasse 191,8050,Zürich,True,13,Active,6,Zürich,3381.0,102917,,1.0,Bike,,
2023-09-24 03:38:00,393,47.415721,8.538067,Oerliker Park,Birchstrasse 191,8050,Zürich,True,13,Active,6,Zürich,4376.0,503232,18.0,2.0,E-Bike,,
2023-09-24 03:38:00,416,46.93046,7.428167,Steinhölzli,Kirchstrasse 6a,3097,Köniz,True,19,Active,5,Bern,6208.0,504366,21.0,2.0,E-Bike,,
2023-09-24 03:38:00,416,46.93046,7.428167,Steinhölzli,Kirchstrasse 6a,3097,Köniz,True,19,Active,5,Bern,1434.0,501112,64.0,2.0,E-Bike,,
2023-09-24 03:38:00,463,46.9593467,7.4518043,Allmendstrasse,Allmendstrasse 24,3014,Bern,True,29,Active,5,Bern,2594.0,103401,,1.0,Bike,,
2023-09-24 03:38:00,463,46.9593467,7.4518043,Allmendstrasse,Allmendstrasse 24,3014,Bern,True,29,Active,5,Bern,2704.0,101979,,1.0,Bike,,
2023-09-24 03:38:00,463,46.9593467,7.4518043,Allmendstrasse,Allmendstrasse 24,3014,Bern,True,29,Active,5,Bern,1613.0,101672,,1.0,Bike,,
2023-09-24 03:38:00,463,46.9593467,7.4518043,Allmendstrasse,Allmendstrasse 24,3014,Bern,True,29,Active,5,Bern,3856.0,103246,,1.0,Bike,,
2023-09-24 03:38:00,463,46.9593467,7.4518043,Allmendstrasse,Allmendstrasse 24,3014,Bern,True,29,Active,5,Bern,4601.0,503077,81.0,2.0,E-Bike,,
2023-09-24 03:38:00,463,46.9593467,7.4518043,Allmendstrasse,Allmendstrasse 24,3014,Bern,True,29,Active,5,Bern,3809.0,103201,,1.0,Bike,,
2023-09-24 03:38:00,463,46.9593467,7.4518043,Allmendstrasse,Allmendstrasse 24,3014,Bern,True,29,Active,5,Bern,2528.0,102432,,1.0,Bike,,
2023-09-24 03:38:00,463,46.9593467,7.4518043,Allmendstrasse,Allmendstrasse 24,3014,Bern,True,29,Active,5,Bern,2959.0,102210,,1.0,Bike,,
2023-09-24 03:38:00,463,46.9593467,7.4518043,Allmendstrasse,Allmendstrasse 24,3014,Bern,True,29,Active,5,Bern,2256.0,101829,,1.0,Bike,,
2023-09-24 03:38:00,463,46.9593467,7.4518043,Allmendstrasse,Allmendstrasse 24,3014,Bern,True,29,Active,5,Bern,1005.0,101543,,1.0,Bike,,
2023-09-24 03:38:00,424,47.406988,8.532464,Birchdörfli,Künzlistrasse 41,8057,Zürich,True,14,Active,6,Zürich,2219.0,101798,,1.0,Bike,,
2023-09-24 03:38:00,424,47.406988,8.532464,Birchdörfli,Künzlistrasse 41,8057,Zürich,True,14,Active,6,Zürich,2821.0,501006,42.0,2.0,E-Bike,,
2023-09-24 03:38:00,424,47.406988,8.532464,Birchdörfli,Künzlistrasse 41,8057,Zürich,True,14,Active,6,Zürich,2212.0,101779,,1.0,Bike,,
2023-09-24 03:38:00,424,47.406988,8.532464,Birchdörfli,Künzlistrasse 41,8057,Zürich,True,14,Active,6,Zürich,5453.0,101481,,1.0,Bike,,
2023-09-24 03:38:00,424,47.406988,8.532464,Birchdörfli,Künzlistrasse 41,8057,Zürich,True,14,Active,6,Zürich,3935.0,103275,,1.0,Bike,,
2023-09-24 03:38:00,424,47.406988,8.532464,Birchdörfli,Künzlistrasse 41,8057,Zürich,True,14,Active,6,Zürich,1520.0,101641,,1.0,Bike,,
2023-09-24 03:38:00,485,46.9432858,7.4144036,Stämpflistrasse,Stoosstrasse 2,3008,Bern,True,27,Active,5,Bern,1116.0,101296,,1.0,Bike,,
2023-09-24 03:38:00,485,46.9432858,7.4144036,Stämpflistrasse,Stoosstrasse 2,3008,Bern,True,27,Active,5,Bern,1460.0,101580,,1.0,Bike,,
2023-09-24 03:38:00,485,46.9432858,7.4144036,Stämpflistrasse,Stoosstrasse 2,3008,Bern,True,27,Active,5,Bern,2307.0,102482,,1.0,Bike,,
2023-09-24 03:38:00,485,46.9432858,7.4144036,Stämpflistrasse,Stoosstrasse 2,3008,Bern,True,27,Active,5,Bern,2031.0,501824,44.0,2.0,E-Bike,,
2023-09-24 03:38:00,485,46.9432858,7.4144036,Stämpflistrasse,Stoosstrasse 2,3008,Bern,True,27,Active,5,Bern,3442.0,502140,86.0,2.0,E-Bike,,
2023-09-24 03:38:00,485,46.9432858,7.4144036,Stämpflistrasse,Stoosstrasse 2,3008,Bern,True,27,Active,5,Bern,6200.0,504368,86.0,2.0,E-Bike,,
2023-09-24 03:38:00,485,46.9432858,7.4144036,Stämpflistrasse,Stoosstrasse 2,3008,Bern,True,27,Active,5,Bern,4541.0,104296,,1.0,Bike,,
2023-09-24 03:38:00,485,46.9432858,7.4144036,Stämpflistrasse,Stoosstrasse 2,3008,Bern,True,27,Active,5,Bern,3855.0,103259,,1.0,Bike,,
2023-09-24 03:38:00,485,46.9432858,7.4144036,Stämpflistrasse,Stoosstrasse 2,3008,Bern,True,27,Active,5,Bern,2154.0,102005,,1.0,Bike,,
2023-09-24 03:38:00,485,46.9432858,7.4144036,Stämpflistrasse,Stoosstrasse 2,3008,Bern,True,27,Active,5,Bern,4360.0,503219,48.0,2.0,E-Bike,,
2023-09-24 03:38:00,485,46.9432858,7.4144036,Stämpflistrasse,Stoosstrasse 2,3008,Bern,True,27,Active,5,Bern,4494.0,503028,11.0,2.0,E-Bike,,
2023-09-24 03:38:00,485,46.9432858,7.4144036,Stämpflistrasse,Stoosstrasse 2,3008,Bern,True,27,Active,5,Bern,2372.0,502643,15.0,2.0,E-Bike,,
2023-09-24 03:38:00,485,46.9432858,7.4144036,Stämpflistrasse,Stoosstrasse 2,3008,Bern,True,27,Active,5,Bern,3864.0,103260,,1.0,Bike,,
2023-09-24 03:38:00,485,46.9432858,7.4144036,Stämpflistrasse,Stoosstrasse 2,3008,Bern,True,27,Active,5,Bern,3003.0,101833,,1.0,Bike,,
2023-09-24 03:38:00,485,46.9432858,7.4144036,Stämpflistrasse,Stoosstrasse 2,3008,Bern,True,27,Active,5,Bern,3165.0,102714,,1.0,Bike,,
2023-09-24 03:38:00,485,46.9432858,7.4144036,Stämpflistrasse,Stoosstrasse 2,3008,Bern,True,27,Active,5,Bern,3210.0,102782,,1.0,Bike,,
2023-09-24 03:38:00,485,46.9432858,7.4144036,Stämpflistrasse,Stoosstrasse 2,3008,Bern,True,27,Active,5,Bern,2806.0,502595,25.0,2.0,E-Bike,,
2023-09-24 03:38:00,485,46.9432858,7.4144036,Stämpflistrasse,Stoosstrasse 2,3008,Bern,True,27,Active,5,Bern,1487.0,101625,,1.0,Bike,,
2023-09-24 03:38:00,485,46.9432858,7.4144036,Stämpflistrasse,Stoosstrasse 2,3008,Bern,True,27,Active,5,Bern,1477.0,101606,,1.0,Bike,,
2023-09-24 03:38:00,485,46.9432858,7.4144036,Stämpflistrasse,Stoosstrasse 2,3008,Bern,True,27,Active,5,Bern,1611.0,101674,,1.0,Bike,,
2023-09-24 03:38:00,485,46.9432858,7.4144036,Stämpflistrasse,Stoosstrasse 2,3008,Bern,True,27,Active,5,Bern,2025.0,501920,37.0,2.0,E-Bike,,
2023-09-24 03:38:00,485,46.9432858,7.4144036,Stämpflistrasse,Stoosstrasse 2,3008,Bern,True,27,Active,5,Bern,3333.0,501257,14.0,2.0,E-Bike,,
2023-09-24 03:38:00,485,46.9432858,7.4144036,Stämpflistrasse,Stoosstrasse 2,3008,Bern,True,27,Active,5,Bern,3223.0,102795,,1.0,Bike,,
2023-09-24 03:38:00,485,46.9432858,7.4144036,Stämpflistrasse,Stoosstrasse 2,3008,Bern,True,27,Active,5,Bern,2793.0,502814,91.0,2.0,E-Bike,,
2023-09-24 03:38:00,485,46.9432858,7.4144036,Stämpflistrasse,Stoosstrasse 2,3008,Bern,True,27,Active,5,Bern,4104.0,500873,88.0,2.0,E-Bike,,
2023-09-24 03:38:00,485,46.9432858,7.4144036,Stämpflistrasse,Stoosstrasse 2,3008,Bern,True,27,Active,5,Bern,3010.0,102130,,1.0,Bike,,
2023-09-24 03:38:00,485,46.9432858,7.4144036,Stämpflistrasse,Stoosstrasse 2,3008,Bern,True,27,Active,5,Bern,1385.0,501890,70.0,2.0,E-Bike,,
2023-09-24 03:38:00,485,46.9432858,7.4144036,Stämpflistrasse,Stoosstrasse 2,3008,Bern,True,27,Active,5,Bern,4155.0,502665,60.0,2.0,E-Bike,,
2023-09-24 03:38:00,833,47.396806,8.507693,STATION WURDE ZURÜCKGEBAUT: Ackersteinstrasse ZüriMobil Station,Ackersteinstrasse 86,8049,Zürich,True,22,Inactive,6,Zürich,,,,,,,
2023-09-24 03:38:00,481,46.9320203,7.4330474,Zieglerspital,Heckenweg 63,3007,Bern,True,32,Active,5,Bern,1429.0,501767,,2.0,E-Bike,,
2023-09-24 03:38:00,481,46.9320203,7.4330474,Zieglerspital,Heckenweg 63,3007,Bern,True,32,Active,5,Bern,3908.0,501114,25.0,2.0,E-Bike,,
2023-09-24 03:38:00,481,46.9320203,7.4330474,Zieglerspital,Heckenweg 63,3007,Bern,True,32,Active,5,Bern,4517.0,503035,61.0,2.0,E-Bike,,
2023-09-24 03:38:00,481,46.9320203,7.4330474,Zieglerspital,Heckenweg 63,3007,Bern,True,32,Active,5,Bern,1384.0,503840,40.0,2.0,E-Bike,,
2023-09-24 03:38:00,481,46.9320203,7.4330474,Zieglerspital,Heckenweg 63,3007,Bern,True,32,Active,5,Bern,1981.0,501860,59.0,2.0,E-Bike,,
2023-09-24 03:38:00,481,46.9320203,7.4330474,Zieglerspital,Heckenweg 63,3007,Bern,True,32,Active,5,Bern,1415.0,501901,,2.0,E-Bike,,
2023-09-24 03:38:00,481,46.9320203,7.4330474,Zieglerspital,Heckenweg 63,3007,Bern,True,32,Active,5,Bern,2339.0,800004,,1.0,Bike,,
2023-09-24 03:38:00,586,46.020198,8.97169,Via Loco,Via Loco,6900,Lugano,True,32,Active,3,Sottoceneri (TI),5436.0,503578,48.0,2.0,E-Bike,,
2023-09-24 03:38:00,191,46.960116251597235,7.454334866797193,Stauffacherplatz,Scheibenstrasse 13,3014,Bern,True,10,Active,5,Bern,4972.0,502576,50.0,2.0,E-Bike,,
2023-09-24 03:38:00,191,46.960116251597235,7.454334866797193,Stauffacherplatz,Scheibenstrasse 13,3014,Bern,True,10,Active,5,Bern,4885.0,500540,15.0,2.0,E-Bike,,
2023-09-24 03:38:00,191,46.960116251597235,7.454334866797193,Stauffacherplatz,Scheibenstrasse 13,3014,Bern,True,10,Active,5,Bern,4042.0,500859,97.0,2.0,E-Bike,,
2023-09-24 03:38:00,191,46.960116251597235,7.454334866797193,Stauffacherplatz,Scheibenstrasse 13,3014,Bern,True,10,Active,5,Bern,1475.0,501776,43.0,2.0,E-Bike,,
2023-09-24 03:38:00,191,46.960116251597235,7.454334866797193,Stauffacherplatz,Scheibenstrasse 13,3014,Bern,True,10,Active,5,Bern,3439.0,502253,56.0,2.0,E-Bike,,
2023-09-24 03:38:00,191,46.960116251597235,7.454334866797193,Stauffacherplatz,Scheibenstrasse 13,3014,Bern,True,10,Active,5,Bern,1625.0,101684,,1.0,Bike,,
2023-09-24 03:38:00,191,46.960116251597235,7.454334866797193,Stauffacherplatz,Scheibenstrasse 13,3014,Bern,True,10,Active,5,Bern,1364.0,501871,99.0,2.0,E-Bike,,
2023-09-24 03:38:00,191,46.960116251597235,7.454334866797193,Stauffacherplatz,Scheibenstrasse 13,3014,Bern,True,10,Active,5,Bern,1130.0,500443,17.0,2.0,E-Bike,,
2023-09-24 03:38:00,191,46.960116251597235,7.454334866797193,Stauffacherplatz,Scheibenstrasse 13,3014,Bern,True,10,Active,5,Bern,1039.0,501342,18.0,2.0,E-Bike,,
2023-09-24 03:38:00,191,46.960116251597235,7.454334866797193,Stauffacherplatz,Scheibenstrasse 13,3014,Bern,True,10,Active,5,Bern,4946.0,501108,73.0,2.0,E-Bike,,
2023-09-24 03:38:00,191,46.960116251597235,7.454334866797193,Stauffacherplatz,Scheibenstrasse 13,3014,Bern,True,10,Active,5,Bern,1191.0,500385,34.0,2.0,E-Bike,,
2023-09-24 03:38:00,191,46.960116251597235,7.454334866797193,Stauffacherplatz,Scheibenstrasse 13,3014,Bern,True,10,Active,5,Bern,4960.0,502555,33.0,2.0,E-Bike,,
2023-09-24 03:38:00,191,46.960116251597235,7.454334866797193,Stauffacherplatz,Scheibenstrasse 13,3014,Bern,True,10,Active,5,Bern,2977.0,104221,,1.0,Bike,,
2023-09-24 03:38:00,191,46.960116251597235,7.454334866797193,Stauffacherplatz,Scheibenstrasse 13,3014,Bern,True,10,Active,5,Bern,2347.0,102504,,1.0,Bike,,
2023-09-24 03:38:00,191,46.960116251597235,7.454334866797193,Stauffacherplatz,Scheibenstrasse 13,3014,Bern,True,10,Active,5,Bern,3324.0,501228,62.0,2.0,E-Bike,,
2023-09-24 03:38:00,191,46.960116251597235,7.454334866797193,Stauffacherplatz,Scheibenstrasse 13,3014,Bern,True,10,Active,5,Bern,3313.0,501237,88.0,2.0,E-Bike,,
2023-09-24 03:38:00,256,46.9555118,7.4768856,Zentweg,Zentweg 25,3006,Bern,True,6,Active,5,Bern,1007.0,101538,,1.0,Bike,,
2023-09-24 03:38:00,256,46.9555118,7.4768856,Zentweg,Zentweg 25,3006,Bern,True,6,Active,5,Bern,2357.0,102507,,1.0,Bike,,
2023-09-24 03:38:00,256,46.9555118,7.4768856,Zentweg,Zentweg 25,3006,Bern,True,6,Active,5,Bern,3432.0,800015,,1.0,Bike,,
2023-09-24 03:38:00,710,45.87483787298627,8.937745151961444,Arzo Scuole,Via Onorio Longhi 2,6864,Mendrisio,True,16,Active,3,Sottoceneri (TI),5638.0,105203,,1.0,Bike,,
2023-09-24 03:38:00,710,45.87483787298627,8.937745151961444,Arzo Scuole,Via Onorio Longhi 2,6864,Mendrisio,True,16,Active,3,Sottoceneri (TI),5040.0,502862,84.0,2.0,E-Bike,,
2023-09-24 03:38:00,710,45.87483787298627,8.937745151961444,Arzo Scuole,Via Onorio Longhi 2,6864,Mendrisio,True,16,Active,3,Sottoceneri (TI),5450.0,104529,,1.0,Bike,,
2023-09-24 03:38:00,710,45.87483787298627,8.937745151961444,Arzo Scuole,Via Onorio Longhi 2,6864,Mendrisio,True,16,Active,3,Sottoceneri (TI),5536.0,503640,83.0,2.0,E-Bike,,
2023-09-24 03:38:00,427,47.4188324,8.5064743,Zehntenhausplatz,Wehntalerstrasse 541,8046,Zürich,True,19,Active,6,Zürich,3942.0,104876,,1.0,Bike,,
2023-09-24 03:38:00,427,47.4188324,8.5064743,Zehntenhausplatz,Wehntalerstrasse 541,8046,Zürich,True,19,Active,6,Zürich,567.0,101218,,1.0,Bike,,
2023-09-24 03:38:00,45,46.023159,8.959919,Stadio,Via Trevano 100,6900,Lugano,True,14,Active,3,Sottoceneri (TI),149.0,100171,,1.0,Bike,,
2023-09-24 03:38:00,45,46.023159,8.959919,Stadio,Via Trevano 100,6900,Lugano,True,14,Active,3,Sottoceneri (TI),5434.0,104525,,1.0,Bike,,
2023-09-24 03:38:00,45,46.023159,8.959919,Stadio,Via Trevano 100,6900,Lugano,True,14,Active,3,Sottoceneri (TI),173.0,100180,,1.0,Bike,,
2023-09-24 03:38:00,45,46.023159,8.959919,Stadio,Via Trevano 100,6900,Lugano,True,14,Active,3,Sottoceneri (TI),4212.0,501510,30.0,2.0,E-Bike,,
2023-09-24 03:38:00,45,46.023159,8.959919,Stadio,Via Trevano 100,6900,Lugano,True,14,Active,3,Sottoceneri (TI),5426.0,503952,57.0,2.0,E-Bike,,
2023-09-24 03:38:00,45,46.023159,8.959919,Stadio,Via Trevano 100,6900,Lugano,True,14,Active,3,Sottoceneri (TI),5615.0,104805,,1.0,Bike,,
2023-09-24 03:38:00,45,46.023159,8.959919,Stadio,Via Trevano 100,6900,Lugano,True,14,Active,3,Sottoceneri (TI),5442.0,104147,,1.0,Bike,,
2023-09-24 03:38:00,45,46.023159,8.959919,Stadio,Via Trevano 100,6900,Lugano,True,14,Active,3,Sottoceneri (TI),4129.0,501527,73.0,2.0,E-Bike,,
2023-09-24 03:38:00,45,46.023159,8.959919,Stadio,Via Trevano 100,6900,Lugano,True,14,Active,3,Sottoceneri (TI),5391.0,104595,,1.0,Bike,,
2023-09-24 03:38:00,45,46.023159,8.959919,Stadio,Via Trevano 100,6900,Lugano,True,14,Active,3,Sottoceneri (TI),5542.0,104884,,1.0,Bike,,
2023-09-24 03:38:00,45,46.023159,8.959919,Stadio,Via Trevano 100,6900,Lugano,True,14,Active,3,Sottoceneri (TI),5058.0,502834,76.0,2.0,E-Bike,,
2023-09-24 03:38:00,45,46.023159,8.959919,Stadio,Via Trevano 100,6900,Lugano,True,14,Active,3,Sottoceneri (TI),5347.0,503564,74.0,2.0,E-Bike,,
2023-09-24 03:38:00,45,46.023159,8.959919,Stadio,Via Trevano 100,6900,Lugano,True,14,Active,3,Sottoceneri (TI),5063.0,502874,79.0,2.0,E-Bike,,
2023-09-24 03:38:00,45,46.023159,8.959919,Stadio,Via Trevano 100,6900,Lugano,True,14,Active,3,Sottoceneri (TI),145.0,100287,79.0,2.0,E-Bike,,
2023-09-24 03:38:00,45,46.023159,8.959919,Stadio,Via Trevano 100,6900,Lugano,True,14,Active,3,Sottoceneri (TI),5142.0,104106,,1.0,Bike,,
2023-09-24 03:38:00,45,46.023159,8.959919,Stadio,Via Trevano 100,6900,Lugano,True,14,Active,3,Sottoceneri (TI),5021.0,502851,76.0,2.0,E-Bike,,
2023-09-24 03:38:00,45,46.023159,8.959919,Stadio,Via Trevano 100,6900,Lugano,True,14,Active,3,Sottoceneri (TI),4122.0,501518,82.0,2.0,E-Bike,,
2023-09-24 03:38:00,45,46.023159,8.959919,Stadio,Via Trevano 100,6900,Lugano,True,14,Active,3,Sottoceneri (TI),5013.0,502829,91.0,2.0,E-Bike,,
2023-09-24 03:38:00,45,46.023159,8.959919,Stadio,Via Trevano 100,6900,Lugano,True,14,Active,3,Sottoceneri (TI),5498.0,503628,86.0,2.0,E-Bike,,
2023-09-24 03:38:00,45,46.023159,8.959919,Stadio,Via Trevano 100,6900,Lugano,True,14,Active,3,Sottoceneri (TI),5061.0,502876,91.0,2.0,E-Bike,,
2023-09-24 03:38:00,744,45.849737477082186,9.008044185318527,Balerna Ossario,Via Carlo Silva 2,6828,Balerna,True,21,Active,3,Sottoceneri (TI),1786.0,501302,67.0,2.0,E-Bike,,
2023-09-24 03:38:00,744,45.849737477082186,9.008044185318527,Balerna Ossario,Via Carlo Silva 2,6828,Balerna,True,21,Active,3,Sottoceneri (TI),5425.0,503572,65.0,2.0,E-Bike,,
2023-09-24 03:38:00,744,45.849737477082186,9.008044185318527,Balerna Ossario,Via Carlo Silva 2,6828,Balerna,True,21,Active,3,Sottoceneri (TI),5401.0,503690,61.0,2.0,E-Bike,,
2023-09-24 03:38:00,744,45.849737477082186,9.008044185318527,Balerna Ossario,Via Carlo Silva 2,6828,Balerna,True,21,Active,3,Sottoceneri (TI),5417.0,104518,,1.0,Bike,,
2023-09-24 03:38:00,744,45.849737477082186,9.008044185318527,Balerna Ossario,Via Carlo Silva 2,6828,Balerna,True,21,Active,3,Sottoceneri (TI),137.0,100241,90.0,2.0,E-Bike,,
2023-09-24 03:38:00,744,45.849737477082186,9.008044185318527,Balerna Ossario,Via Carlo Silva 2,6828,Balerna,True,21,Active,3,Sottoceneri (TI),1741.0,101725,,1.0,Bike,,
2023-09-24 03:38:00,491,46.9650342,7.4514649,Wylerbad,Scheibenstrasse 65c,3014,Bern,True,32,Active,5,Bern,3206.0,102798,,1.0,Bike,,
2023-09-24 03:38:00,313,46.9415535,7.4708855,Jolimontstrasse,Jolimontstrasse 18,3006,Bern,True,10,Active,5,Bern,4497.0,503045,39.0,2.0,E-Bike,,
2023-09-24 03:38:00,313,46.9415535,7.4708855,Jolimontstrasse,Jolimontstrasse 18,3006,Bern,True,10,Active,5,Bern,2799.0,500906,81.0,2.0,E-Bike,,
2023-09-24 03:38:00,313,46.9415535,7.4708855,Jolimontstrasse,Jolimontstrasse 18,3006,Bern,True,10,Active,5,Bern,4495.0,500651,64.0,2.0,E-Bike,,
2023-09-24 03:38:00,313,46.9415535,7.4708855,Jolimontstrasse,Jolimontstrasse 18,3006,Bern,True,10,Active,5,Bern,947.0,501461,91.0,2.0,E-Bike,,
2023-09-24 03:38:00,313,46.9415535,7.4708855,Jolimontstrasse,Jolimontstrasse 18,3006,Bern,True,10,Active,5,Bern,1638.0,503509,82.0,2.0,E-Bike,,
2023-09-24 03:38:00,313,46.9415535,7.4708855,Jolimontstrasse,Jolimontstrasse 18,3006,Bern,True,10,Active,5,Bern,6222.0,503911,32.0,2.0,E-Bike,,
2023-09-24 03:38:00,313,46.9415535,7.4708855,Jolimontstrasse,Jolimontstrasse 18,3006,Bern,True,10,Active,5,Bern,1027.0,500367,42.0,2.0,E-Bike,,
2023-09-24 03:38:00,223,46.9506632,7.4370414,Hauptgebäude Uni Bern,Falkenplatz 4,3012,Bern,True,16,Active (empty),5,Bern,,,,,,,
2023-09-24 03:38:00,843,46.94303954532779,7.4016277739719145,Stöckacker Süd,Bethlehemstrasse 118,3018,Bern,True,80,Active,5,Bern,3430.0,502221,99.0,2.0,E-Bike,,
2023-09-24 03:38:00,843,46.94303954532779,7.4016277739719145,Stöckacker Süd,Bethlehemstrasse 118,3018,Bern,True,80,Active,5,Bern,3905.0,500774,93.0,2.0,E-Bike,,
2023-09-24 03:38:00,843,46.94303954532779,7.4016277739719145,Stöckacker Süd,Bethlehemstrasse 118,3018,Bern,True,80,Active,5,Bern,4151.0,501083,81.0,2.0,E-Bike,,
2023-09-24 03:38:00,843,46.94303954532779,7.4016277739719145,Stöckacker Süd,Bethlehemstrasse 118,3018,Bern,True,80,Active,5,Bern,4492.0,503037,61.0,2.0,E-Bike,,
2023-09-24 03:38:00,843,46.94303954532779,7.4016277739719145,Stöckacker Süd,Bethlehemstrasse 118,3018,Bern,True,80,Active,5,Bern,3447.0,502631,76.0,2.0,E-Bike,,
2023-09-24 03:38:00,572,47.402749,8.5355,Radiostudio,Wehntalerstrasse 98,8057,Zürich,True,19,Active,6,Zürich,2395.0,102596,,1.0,Bike,,
2023-09-24 03:38:00,572,47.402749,8.5355,Radiostudio,Wehntalerstrasse 98,8057,Zürich,True,19,Active,6,Zürich,4819.0,500523,61.0,2.0,E-Bike,,
2023-09-24 03:38:00,774,45.841265,8.98136,Novazzano Centro Paese,Via alla Scuola,6883,Novazzano,True,19,Active,3,Sottoceneri (TI),1792.0,500910,43.0,2.0,E-Bike,,
2023-09-24 03:38:00,774,45.841265,8.98136,Novazzano Centro Paese,Via alla Scuola,6883,Novazzano,True,19,Active,3,Sottoceneri (TI),5049.0,502888,74.0,2.0,E-Bike,,
2023-09-24 03:38:00,774,45.841265,8.98136,Novazzano Centro Paese,Via alla Scuola,6883,Novazzano,True,19,Active,3,Sottoceneri (TI),5057.0,502878,85.0,2.0,E-Bike,,
2023-09-24 03:38:00,774,45.841265,8.98136,Novazzano Centro Paese,Via alla Scuola,6883,Novazzano,True,19,Active,3,Sottoceneri (TI),1777.0,501314,88.0,2.0,E-Bike,,
2023-09-24 03:38:00,740,46.99128453561965,7.46742522413544,HAFL Zollikofen,Länggasse 85,3052,Zollikofen,True,80,Active,5,Bern,2802.0,501354,42.0,2.0,E-Bike,,
2023-09-24 03:38:00,740,46.99128453561965,7.46742522413544,HAFL Zollikofen,Länggasse 85,3052,Zollikofen,True,80,Active,5,Bern,2719.0,102647,,1.0,Bike,,
2023-09-24 03:38:00,740,46.99128453561965,7.46742522413544,HAFL Zollikofen,Länggasse 85,3052,Zollikofen,True,80,Active,5,Bern,3493.0,502186,63.0,2.0,E-Bike,,
2023-09-24 03:38:00,634,46.805413,7.165191,Pont de Zähringen,Route de Zähringen 2,1700,Fribourg,True,24,Active,8,Fribourg,1905.0,500947,64.0,2.0,E-Bike,26.0,Sponsor 26
2023-09-24 03:38:00,634,46.805413,7.165191,Pont de Zähringen,Route de Zähringen 2,1700,Fribourg,True,24,Active,8,Fribourg,1841.0,101769,,1.0,Bike,26.0,Sponsor 26
2023-09-24 03:38:00,634,46.805413,7.165191,Pont de Zähringen,Route de Zähringen 2,1700,Fribourg,True,24,Active,8,Fribourg,5681.0,104988,,1.0,Bike,26.0,Sponsor 26
2023-09-24 03:38:00,634,46.805413,7.165191,Pont de Zähringen,Route de Zähringen 2,1700,Fribourg,True,24,Active,8,Fribourg,5822.0,104479,,1.0,Bike,26.0,Sponsor 26
2023-09-24 03:38:00,634,46.805413,7.165191,Pont de Zähringen,Route de Zähringen 2,1700,Fribourg,True,24,Active,8,Fribourg,4294.0,104249,,1.0,Bike,26.0,Sponsor 26
2023-09-24 03:38:00,634,46.805413,7.165191,Pont de Zähringen,Route de Zähringen 2,1700,Fribourg,True,24,Active,8,Fribourg,5964.0,503933,26.0,2.0,E-Bike,26.0,Sponsor 26
2023-09-24 03:38:00,634,46.805413,7.165191,Pont de Zähringen,Route de Zähringen 2,1700,Fribourg,True,24,Active,8,Fribourg,5265.0,502423,26.0,2.0,E-Bike,26.0,Sponsor 26
2023-09-24 03:38:00,634,46.805413,7.165191,Pont de Zähringen,Route de Zähringen 2,1700,Fribourg,True,24,Active,8,Fribourg,5877.0,503983,24.0,2.0,E-Bike,26.0,Sponsor 26
2023-09-24 03:38:00,634,46.805413,7.165191,Pont de Zähringen,Route de Zähringen 2,1700,Fribourg,True,24,Active,8,Fribourg,5709.0,104990,,1.0,Bike,26.0,Sponsor 26
2023-09-24 03:38:00,634,46.805413,7.165191,Pont de Zähringen,Route de Zähringen 2,1700,Fribourg,True,24,Active,8,Fribourg,4465.0,104259,,1.0,Bike,26.0,Sponsor 26
2023-09-24 03:38:00,316,46.9446775,7.4432641,Marzilibahn,Brückenstrasse 20,3005,Bern,True,10,Active,5,Bern,3172.0,102750,,1.0,Bike,,
2023-09-24 03:38:00,14,46.5224054,6.5655126,Quartier nord,Campus,1000,Ecublens,True,32,Active,2,Lausanne-Morges,425.0,104739,,1.0,Bike,5.0,Sponsor 05
2023-09-24 03:38:00,14,46.5224054,6.5655126,Quartier nord,Campus,1000,Ecublens,True,32,Active,2,Lausanne-Morges,3377.0,102912,,1.0,Bike,5.0,Sponsor 05
2023-09-24 03:38:00,671,46.92898585565497,7.450277590824284,Wabern Zentrum,Waldblickstrasse 8,3084,Köniz,True,80,Active,5,Bern,3486.0,502179,13.0,2.0,E-Bike,,
2023-09-24 03:38:00,671,46.92898585565497,7.450277590824284,Wabern Zentrum,Waldblickstrasse 8,3084,Köniz,True,80,Active,5,Bern,6010.0,503896,18.0,2.0,E-Bike,,
2023-09-24 03:38:00,671,46.92898585565497,7.450277590824284,Wabern Zentrum,Waldblickstrasse 8,3084,Köniz,True,80,Active,5,Bern,1075.0,101482,,1.0,Bike,,
2023-09-24 03:38:00,671,46.92898585565497,7.450277590824284,Wabern Zentrum,Waldblickstrasse 8,3084,Köniz,True,80,Active,5,Bern,1399.0,501907,50.0,2.0,E-Bike,,
2023-09-24 03:38:00,122,46.9613082,7.4466679,SBB Wylerpark,Wylerstrasse 123,3014,Bern,True,29,Active,5,Bern,2582.0,502609,77.0,2.0,E-Bike,,
2023-09-24 03:38:00,122,46.9613082,7.4466679,SBB Wylerpark,Wylerstrasse 123,3014,Bern,True,29,Active,5,Bern,4980.0,502564,59.0,2.0,E-Bike,,
2023-09-24 03:38:00,122,46.9613082,7.4466679,SBB Wylerpark,Wylerstrasse 123,3014,Bern,True,29,Active,5,Bern,2107.0,103376,,1.0,Bike,,
2023-09-24 03:38:00,790,46.52112812235608,6.64036369203716,Ours,Passage Perdonnet 1,1005,Lausanne,True,19,Active (empty),2,Lausanne-Morges,,,,,,11.0,Sponsor 11
2023-09-24 03:38:00,330,46.9427163,7.4410406,Brückenstrasse BFH,Brückenstrasse 73,3005,Bern,True,13,Active,5,Bern,2509.0,502608,22.0,2.0,E-Bike,,
2023-09-24 03:38:00,330,46.9427163,7.4410406,Brückenstrasse BFH,Brückenstrasse 73,3005,Bern,True,13,Active,5,Bern,2968.0,102226,,1.0,Bike,,
2023-09-24 03:38:00,330,46.9427163,7.4410406,Brückenstrasse BFH,Brückenstrasse 73,3005,Bern,True,13,Active,5,Bern,2765.0,102427,,1.0,Bike,,
2023-09-24 03:38:00,330,46.9427163,7.4410406,Brückenstrasse BFH,Brückenstrasse 73,3005,Bern,True,13,Active,5,Bern,4166.0,501932,16.0,2.0,E-Bike,,
2023-09-24 03:38:00,330,46.9427163,7.4410406,Brückenstrasse BFH,Brückenstrasse 73,3005,Bern,True,13,Active,5,Bern,1368.0,501894,83.0,2.0,E-Bike,,
2023-09-24 03:38:00,330,46.9427163,7.4410406,Brückenstrasse BFH,Brückenstrasse 73,3005,Bern,True,13,Active,5,Bern,2972.0,101859,,1.0,Bike,,
2023-09-24 03:38:00,330,46.9427163,7.4410406,Brückenstrasse BFH,Brückenstrasse 73,3005,Bern,True,13,Active,5,Bern,1054.0,102356,,1.0,Bike,,
2023-09-24 03:38:00,330,46.9427163,7.4410406,Brückenstrasse BFH,Brückenstrasse 73,3005,Bern,True,13,Active,5,Bern,1492.0,101577,,1.0,Bike,,
2023-09-24 03:38:00,81,47.3899342,8.5104051,Herdern,Pfingstweidstrasse 96e,8001,Zürich,True,32,Active,6,Zürich,4421.0,500664,90.0,2.0,E-Bike,,
2023-09-24 03:38:00,81,47.3899342,8.5104051,Herdern,Pfingstweidstrasse 96e,8001,Zürich,True,32,Active,6,Zürich,579.0,102070,,1.0,Bike,,
2023-09-24 03:38:00,81,47.3899342,8.5104051,Herdern,Pfingstweidstrasse 96e,8001,Zürich,True,32,Active,6,Zürich,2401.0,102548,,1.0,Bike,,
2023-09-24 03:38:00,81,47.3899342,8.5104051,Herdern,Pfingstweidstrasse 96e,8001,Zürich,True,32,Active,6,Zürich,3655.0,104748,,1.0,Bike,,
2023-09-24 03:38:00,81,47.3899342,8.5104051,Herdern,Pfingstweidstrasse 96e,8001,Zürich,True,32,Active,6,Zürich,3284.0,102901,,1.0,Bike,,
2023-09-24 03:38:00,81,47.3899342,8.5104051,Herdern,Pfingstweidstrasse 96e,8001,Zürich,True,32,Active,6,Zürich,2914.0,102631,,1.0,Bike,,
2023-09-24 03:38:00,81,47.3899342,8.5104051,Herdern,Pfingstweidstrasse 96e,8001,Zürich,True,32,Active,6,Zürich,550.0,104747,,1.0,Bike,,
2023-09-24 03:38:00,81,47.3899342,8.5104051,Herdern,Pfingstweidstrasse 96e,8001,Zürich,True,32,Active,6,Zürich,4728.0,104014,,1.0,Bike,,
2023-09-24 03:38:00,81,47.3899342,8.5104051,Herdern,Pfingstweidstrasse 96e,8001,Zürich,True,32,Active,6,Zürich,772.0,500285,15.0,2.0,E-Bike,,
2023-09-24 03:38:00,81,47.3899342,8.5104051,Herdern,Pfingstweidstrasse 96e,8001,Zürich,True,32,Active,6,Zürich,3677.0,103101,,1.0,Bike,,
2023-09-24 03:38:00,81,47.3899342,8.5104051,Herdern,Pfingstweidstrasse 96e,8001,Zürich,True,32,Active,6,Zürich,3096.0,102817,,1.0,Bike,,
2023-09-24 03:38:00,81,47.3899342,8.5104051,Herdern,Pfingstweidstrasse 96e,8001,Zürich,True,32,Active,6,Zürich,937.0,500077,31.0,2.0,E-Bike,,
2023-09-24 03:38:00,81,47.3899342,8.5104051,Herdern,Pfingstweidstrasse 96e,8001,Zürich,True,32,Active,6,Zürich,3270.0,102688,,1.0,Bike,,
2023-09-24 03:38:00,81,47.3899342,8.5104051,Herdern,Pfingstweidstrasse 96e,8001,Zürich,True,32,Active,6,Zürich,2413.0,102550,,1.0,Bike,,
2023-09-24 03:38:00,81,47.3899342,8.5104051,Herdern,Pfingstweidstrasse 96e,8001,Zürich,True,32,Active,6,Zürich,2633.0,501017,50.0,2.0,E-Bike,,
2023-09-24 03:38:00,385,47.368939,8.523306,Aegerten,Erlachstrasse 3,8003,Zürich,True,26,Active,6,Zürich,835.0,500067,53.0,2.0,E-Bike,,
2023-09-24 03:38:00,385,47.368939,8.523306,Aegerten,Erlachstrasse 3,8003,Zürich,True,26,Active,6,Zürich,2886.0,501149,18.0,2.0,E-Bike,,
2023-09-24 03:38:00,385,47.368939,8.523306,Aegerten,Erlachstrasse 3,8003,Zürich,True,26,Active,6,Zürich,2634.0,501371,82.0,2.0,E-Bike,,
2023-09-24 03:38:00,385,47.368939,8.523306,Aegerten,Erlachstrasse 3,8003,Zürich,True,26,Active,6,Zürich,5332.0,101501,,1.0,Bike,,
2023-09-24 03:38:00,385,47.368939,8.523306,Aegerten,Erlachstrasse 3,8003,Zürich,True,26,Active,6,Zürich,3114.0,501123,71.0,2.0,E-Bike,,
2023-09-24 03:38:00,385,47.368939,8.523306,Aegerten,Erlachstrasse 3,8003,Zürich,True,26,Active,6,Zürich,2909.0,102220,,1.0,Bike,,
2023-09-24 03:38:00,385,47.368939,8.523306,Aegerten,Erlachstrasse 3,8003,Zürich,True,26,Active,6,Zürich,3306.0,102891,,1.0,Bike,,
2023-09-24 03:38:00,385,47.368939,8.523306,Aegerten,Erlachstrasse 3,8003,Zürich,True,26,Active,6,Zürich,574.0,101339,,1.0,Bike,,
2023-09-24 03:38:00,385,47.368939,8.523306,Aegerten,Erlachstrasse 3,8003,Zürich,True,26,Active,6,Zürich,3278.0,102690,,1.0,Bike,,
2023-09-24 03:38:00,692,45.83239013287111,9.03375612565858,Chiasso Stazione FFS,Piazza Elvezia,6830,Chiasso,True,21,Active,3,Sottoceneri (TI),4179.0,104233,,1.0,Bike,,
2023-09-24 03:38:00,692,45.83239013287111,9.03375612565858,Chiasso Stazione FFS,Piazza Elvezia,6830,Chiasso,True,21,Active,3,Sottoceneri (TI),5554.0,105141,,1.0,Bike,,
2023-09-24 03:38:00,692,45.83239013287111,9.03375612565858,Chiasso Stazione FFS,Piazza Elvezia,6830,Chiasso,True,21,Active,3,Sottoceneri (TI),5496.0,104573,,1.0,Bike,,
2023-09-24 03:38:00,692,45.83239013287111,9.03375612565858,Chiasso Stazione FFS,Piazza Elvezia,6830,Chiasso,True,21,Active,3,Sottoceneri (TI),282.0,100220,,1.0,Bike,,
2023-09-24 03:38:00,528,47.448799,8.583122,Bahnhof Kloten,Bahnhofstrasse 10,8302,Kloten,True,16,Active,6,Zürich,4806.0,500520,96.0,2.0,E-Bike,,
2023-09-24 03:38:00,528,47.448799,8.583122,Bahnhof Kloten,Bahnhofstrasse 10,8302,Kloten,True,16,Active,6,Zürich,1531.0,501856,75.0,2.0,E-Bike,,
2023-09-24 03:38:00,528,47.448799,8.583122,Bahnhof Kloten,Bahnhofstrasse 10,8302,Kloten,True,16,Active,6,Zürich,596.0,101406,,1.0,Bike,,
2023-09-24 03:38:00,528,47.448799,8.583122,Bahnhof Kloten,Bahnhofstrasse 10,8302,Kloten,True,16,Active,6,Zürich,900.0,500142,88.0,2.0,E-Bike,,
2023-09-24 03:38:00,528,47.448799,8.583122,Bahnhof Kloten,Bahnhofstrasse 10,8302,Kloten,True,16,Active,6,Zürich,2213.0,101792,,1.0,Bike,,
2023-09-24 03:38:00,528,47.448799,8.583122,Bahnhof Kloten,Bahnhofstrasse 10,8302,Kloten,True,16,Active,6,Zürich,901.0,503594,93.0,2.0,E-Bike,,
2023-09-24 03:38:00,528,47.448799,8.583122,Bahnhof Kloten,Bahnhofstrasse 10,8302,Kloten,True,16,Active,6,Zürich,4787.0,500510,98.0,2.0,E-Bike,,
2023-09-24 03:38:00,528,47.448799,8.583122,Bahnhof Kloten,Bahnhofstrasse 10,8302,Kloten,True,16,Active,6,Zürich,4409.0,503282,95.0,2.0,E-Bike,,
2023-09-24 03:38:00,528,47.448799,8.583122,Bahnhof Kloten,Bahnhofstrasse 10,8302,Kloten,True,16,Active,6,Zürich,4838.0,500593,78.0,2.0,E-Bike,,
2023-09-24 03:38:00,528,47.448799,8.583122,Bahnhof Kloten,Bahnhofstrasse 10,8302,Kloten,True,16,Active,6,Zürich,4665.0,503137,52.0,2.0,E-Bike,,
2023-09-24 03:38:00,528,47.448799,8.583122,Bahnhof Kloten,Bahnhofstrasse 10,8302,Kloten,True,16,Active,6,Zürich,2188.0,101970,,1.0,Bike,,
2023-09-24 03:38:00,528,47.448799,8.583122,Bahnhof Kloten,Bahnhofstrasse 10,8302,Kloten,True,16,Active,6,Zürich,2912.0,102629,,1.0,Bike,,
2023-09-24 03:38:00,528,47.448799,8.583122,Bahnhof Kloten,Bahnhofstrasse 10,8302,Kloten,True,16,Active,6,Zürich,4693.0,503129,90.0,2.0,E-Bike,,
2023-09-24 03:38:00,528,47.448799,8.583122,Bahnhof Kloten,Bahnhofstrasse 10,8302,Kloten,True,16,Active,6,Zürich,3427.0,503552,54.0,2.0,E-Bike,,
2023-09-24 03:38:00,528,47.448799,8.583122,Bahnhof Kloten,Bahnhofstrasse 10,8302,Kloten,True,16,Active,6,Zürich,4868.0,500535,37.0,2.0,E-Bike,,
2023-09-24 03:38:00,528,47.448799,8.583122,Bahnhof Kloten,Bahnhofstrasse 10,8302,Kloten,True,16,Active,6,Zürich,1539.0,501668,38.0,2.0,E-Bike,,
2023-09-24 03:38:00,528,47.448799,8.583122,Bahnhof Kloten,Bahnhofstrasse 10,8302,Kloten,True,16,Active,6,Zürich,4713.0,500705,38.0,2.0,E-Bike,,
2023-09-24 03:38:00,528,47.448799,8.583122,Bahnhof Kloten,Bahnhofstrasse 10,8302,Kloten,True,16,Active,6,Zürich,4845.0,503714,94.0,2.0,E-Bike,,
2023-09-24 03:38:00,528,47.448799,8.583122,Bahnhof Kloten,Bahnhofstrasse 10,8302,Kloten,True,16,Active,6,Zürich,4851.0,500568,45.0,2.0,E-Bike,,
2023-09-24 03:38:00,528,47.448799,8.583122,Bahnhof Kloten,Bahnhofstrasse 10,8302,Kloten,True,16,Active,6,Zürich,2610.0,501395,71.0,2.0,E-Bike,,
2023-09-24 03:38:00,528,47.448799,8.583122,Bahnhof Kloten,Bahnhofstrasse 10,8302,Kloten,True,16,Active,6,Zürich,4388.0,503251,52.0,2.0,E-Bike,,
2023-09-24 03:38:00,528,47.448799,8.583122,Bahnhof Kloten,Bahnhofstrasse 10,8302,Kloten,True,16,Active,6,Zürich,4431.0,503599,70.0,2.0,E-Bike,,
2023-09-24 03:38:00,823,46.95611252733205,7.498312728132974,Oberfeld,Kirschbaumweg 1,3072,Ostermundigen,True,80,Active,5,Bern,3436.0,503500,73.0,2.0,E-Bike,,
2023-09-24 03:38:00,823,46.95611252733205,7.498312728132974,Oberfeld,Kirschbaumweg 1,3072,Ostermundigen,True,80,Active,5,Bern,4087.0,500612,54.0,2.0,E-Bike,,
2023-09-24 03:38:00,823,46.95611252733205,7.498312728132974,Oberfeld,Kirschbaumweg 1,3072,Ostermundigen,True,80,Active,5,Bern,2801.0,501359,85.0,2.0,E-Bike,,
2023-09-24 03:38:00,823,46.95611252733205,7.498312728132974,Oberfeld,Kirschbaumweg 1,3072,Ostermundigen,True,80,Active,5,Bern,4147.0,500628,37.0,2.0,E-Bike,,
2023-09-24 03:38:00,823,46.95611252733205,7.498312728132974,Oberfeld,Kirschbaumweg 1,3072,Ostermundigen,True,80,Active,5,Bern,3591.0,501282,89.0,2.0,E-Bike,,
2023-09-24 03:38:00,823,46.95611252733205,7.498312728132974,Oberfeld,Kirschbaumweg 1,3072,Ostermundigen,True,80,Active,5,Bern,4970.0,502563,50.0,2.0,E-Bike,,
2023-09-24 03:38:00,823,46.95611252733205,7.498312728132974,Oberfeld,Kirschbaumweg 1,3072,Ostermundigen,True,80,Active,5,Bern,4619.0,503061,18.0,2.0,E-Bike,,
2023-09-24 03:38:00,823,46.95611252733205,7.498312728132974,Oberfeld,Kirschbaumweg 1,3072,Ostermundigen,True,80,Active,5,Bern,3143.0,102711,,1.0,Bike,,
2023-09-24 03:38:00,823,46.95611252733205,7.498312728132974,Oberfeld,Kirschbaumweg 1,3072,Ostermundigen,True,80,Active,5,Bern,4924.0,502994,28.0,2.0,E-Bike,,
2023-09-24 03:38:00,823,46.95611252733205,7.498312728132974,Oberfeld,Kirschbaumweg 1,3072,Ostermundigen,True,80,Active,5,Bern,1206.0,800019,23.0,2.0,E-Bike,,
2023-09-24 03:38:00,695,45.848177,8.936794,Stabio via Mulino,Prati del Trevano,6855,Stabio,True,24,Active,3,Sottoceneri (TI),5019.0,502842,93.0,2.0,E-Bike,,
2023-09-24 03:38:00,695,45.848177,8.936794,Stabio via Mulino,Prati del Trevano,6855,Stabio,True,24,Active,3,Sottoceneri (TI),139.0,100298,70.0,2.0,E-Bike,,
2023-09-24 03:38:00,695,45.848177,8.936794,Stabio via Mulino,Prati del Trevano,6855,Stabio,True,24,Active,3,Sottoceneri (TI),1351.0,100415,92.0,2.0,E-Bike,,
2023-09-24 03:38:00,695,45.848177,8.936794,Stabio via Mulino,Prati del Trevano,6855,Stabio,True,24,Active,3,Sottoceneri (TI),1717.0,501705,91.0,2.0,E-Bike,,
2023-09-24 03:38:00,695,45.848177,8.936794,Stabio via Mulino,Prati del Trevano,6855,Stabio,True,24,Active,3,Sottoceneri (TI),5448.0,104590,,1.0,Bike,,
2023-09-24 03:38:00,695,45.848177,8.936794,Stabio via Mulino,Prati del Trevano,6855,Stabio,True,24,Active,3,Sottoceneri (TI),5578.0,104123,,1.0,Bike,,
2023-09-24 03:38:00,695,45.848177,8.936794,Stabio via Mulino,Prati del Trevano,6855,Stabio,True,24,Active,3,Sottoceneri (TI),4059.0,101889,,1.0,Bike,,
2023-09-24 03:38:00,719,45.845724,9.014909,Morbio Serfontana,Viale Serfontana 20,6834,Morbio Inferiore,True,24,Active,3,Sottoceneri (TI),162.0,102592,,1.0,Bike,,
2023-09-24 03:38:00,719,45.845724,9.014909,Morbio Serfontana,Viale Serfontana 20,6834,Morbio Inferiore,True,24,Active,3,Sottoceneri (TI),5131.0,104109,,1.0,Bike,,
2023-09-24 03:38:00,719,45.845724,9.014909,Morbio Serfontana,Viale Serfontana 20,6834,Morbio Inferiore,True,24,Active,3,Sottoceneri (TI),166.0,100190,,1.0,Bike,,
2023-09-24 03:38:00,165,46.38421,6.23491,"Nyon, Gare Nord",Route de Saint-Cergue 1,1260,Nyon,True,61,Active,9,Région de Nyon,5217.0,104200,,1.0,Bike,,
2023-09-24 03:38:00,165,46.38421,6.23491,"Nyon, Gare Nord",Route de Saint-Cergue 1,1260,Nyon,True,61,Active,9,Région de Nyon,5657.0,103354,,1.0,Bike,,
2023-09-24 03:38:00,165,46.38421,6.23491,"Nyon, Gare Nord",Route de Saint-Cergue 1,1260,Nyon,True,61,Active,9,Région de Nyon,5781.0,103347,,1.0,Bike,,
2023-09-24 03:38:00,165,46.38421,6.23491,"Nyon, Gare Nord",Route de Saint-Cergue 1,1260,Nyon,True,61,Active,9,Région de Nyon,5670.0,103348,,1.0,Bike,,
2023-09-24 03:38:00,165,46.38421,6.23491,"Nyon, Gare Nord",Route de Saint-Cergue 1,1260,Nyon,True,61,Active,9,Région de Nyon,250.0,100157,,1.0,Bike,,
2023-09-24 03:38:00,165,46.38421,6.23491,"Nyon, Gare Nord",Route de Saint-Cergue 1,1260,Nyon,True,61,Active,9,Région de Nyon,5793.0,103329,,1.0,Bike,,
2023-09-24 03:38:00,165,46.38421,6.23491,"Nyon, Gare Nord",Route de Saint-Cergue 1,1260,Nyon,True,61,Active,9,Région de Nyon,1327.0,101100,,1.0,Bike,,
2023-09-24 03:38:00,165,46.38421,6.23491,"Nyon, Gare Nord",Route de Saint-Cergue 1,1260,Nyon,True,61,Active,9,Région de Nyon,5223.0,103971,,1.0,Bike,,
2023-09-24 03:38:00,165,46.38421,6.23491,"Nyon, Gare Nord",Route de Saint-Cergue 1,1260,Nyon,True,61,Active,9,Région de Nyon,1959.0,102401,,1.0,Bike,,
2023-09-24 03:38:00,165,46.38421,6.23491,"Nyon, Gare Nord",Route de Saint-Cergue 1,1260,Nyon,True,61,Active,9,Région de Nyon,1320.0,101093,,1.0,Bike,,
2023-09-24 03:38:00,165,46.38421,6.23491,"Nyon, Gare Nord",Route de Saint-Cergue 1,1260,Nyon,True,61,Active,9,Région de Nyon,5785.0,103334,,1.0,Bike,,
2023-09-24 03:38:00,165,46.38421,6.23491,"Nyon, Gare Nord",Route de Saint-Cergue 1,1260,Nyon,True,61,Active,9,Région de Nyon,5668.0,103333,,1.0,Bike,,
2023-09-24 03:38:00,165,46.38421,6.23491,"Nyon, Gare Nord",Route de Saint-Cergue 1,1260,Nyon,True,61,Active,9,Région de Nyon,5881.0,104662,,1.0,Bike,,
2023-09-24 03:38:00,226,46.9557805,7.4352658,Uni Mittelstrasse,Mittelstrasse 38,3012,Bern,True,10,Active (empty),5,Bern,,,,,,,
2023-09-24 03:38:00,635,46.802118,7.146355,Avenue Beauregard,Avenue de Beauregard 11,1700,Fribourg,True,27,Active,8,Fribourg,4250.0,501481,73.0,2.0,E-Bike,26.0,Sponsor 26
2023-09-24 03:38:00,635,46.802118,7.146355,Avenue Beauregard,Avenue de Beauregard 11,1700,Fribourg,True,27,Active,8,Fribourg,5295.0,502448,43.0,2.0,E-Bike,26.0,Sponsor 26
2023-09-24 03:38:00,635,46.802118,7.146355,Avenue Beauregard,Avenue de Beauregard 11,1700,Fribourg,True,27,Active,8,Fribourg,5289.0,502439,57.0,2.0,E-Bike,26.0,Sponsor 26
2023-09-24 03:38:00,635,46.802118,7.146355,Avenue Beauregard,Avenue de Beauregard 11,1700,Fribourg,True,27,Active,8,Fribourg,4477.0,503005,27.0,2.0,E-Bike,26.0,Sponsor 26
2023-09-24 03:38:00,635,46.802118,7.146355,Avenue Beauregard,Avenue de Beauregard 11,1700,Fribourg,True,27,Active,8,Fribourg,4273.0,501291,53.0,2.0,E-Bike,26.0,Sponsor 26
2023-09-24 03:38:00,635,46.802118,7.146355,Avenue Beauregard,Avenue de Beauregard 11,1700,Fribourg,True,27,Active,8,Fribourg,5825.0,102727,,1.0,Bike,26.0,Sponsor 26
2023-09-24 03:38:00,635,46.802118,7.146355,Avenue Beauregard,Avenue de Beauregard 11,1700,Fribourg,True,27,Active,8,Fribourg,5734.0,504115,79.0,2.0,E-Bike,26.0,Sponsor 26
2023-09-24 03:38:00,635,46.802118,7.146355,Avenue Beauregard,Avenue de Beauregard 11,1700,Fribourg,True,27,Active,8,Fribourg,5262.0,502415,40.0,2.0,E-Bike,26.0,Sponsor 26
2023-09-24 03:38:00,635,46.802118,7.146355,Avenue Beauregard,Avenue de Beauregard 11,1700,Fribourg,True,27,Active,8,Fribourg,5977.0,503940,31.0,2.0,E-Bike,26.0,Sponsor 26
2023-09-24 03:38:00,635,46.802118,7.146355,Avenue Beauregard,Avenue de Beauregard 11,1700,Fribourg,True,27,Active,8,Fribourg,4993.0,503022,28.0,2.0,E-Bike,26.0,Sponsor 26
2023-09-24 03:38:00,635,46.802118,7.146355,Avenue Beauregard,Avenue de Beauregard 11,1700,Fribourg,True,27,Active,8,Fribourg,5684.0,501130,,2.0,E-Bike,26.0,Sponsor 26
2023-09-24 03:38:00,635,46.802118,7.146355,Avenue Beauregard,Avenue de Beauregard 11,1700,Fribourg,True,27,Active,8,Fribourg,5894.0,503984,48.0,2.0,E-Bike,26.0,Sponsor 26
2023-09-24 03:38:00,635,46.802118,7.146355,Avenue Beauregard,Avenue de Beauregard 11,1700,Fribourg,True,27,Active,8,Fribourg,4241.0,501489,53.0,2.0,E-Bike,26.0,Sponsor 26
2023-09-24 03:38:00,635,46.802118,7.146355,Avenue Beauregard,Avenue de Beauregard 11,1700,Fribourg,True,27,Active,8,Fribourg,4249.0,501496,,2.0,E-Bike,26.0,Sponsor 26
2023-09-24 03:38:00,635,46.802118,7.146355,Avenue Beauregard,Avenue de Beauregard 11,1700,Fribourg,True,27,Active,8,Fribourg,5922.0,504173,26.0,2.0,E-Bike,26.0,Sponsor 26
2023-09-24 03:38:00,739,46.42782864376307,6.276592047529303,"Gland, En Bord",Chemin du Lavasson,1196,Gland,True,18,Active,9,Région de Nyon,1298.0,101131,,1.0,Bike,,
2023-09-24 03:38:00,739,46.42782864376307,6.276592047529303,"Gland, En Bord",Chemin du Lavasson,1196,Gland,True,18,Active,9,Région de Nyon,1716.0,503796,93.0,2.0,E-Bike,,
2023-09-24 03:38:00,797,46.81795070092267,7.126884943129607,Place des Osses,Route du Tir-Fédéral,1762,Givisiez,True,29,Active,8,Fribourg,5728.0,504108,38.0,2.0,E-Bike,26.0,Sponsor 26
2023-09-24 03:38:00,797,46.81795070092267,7.126884943129607,Place des Osses,Route du Tir-Fédéral,1762,Givisiez,True,29,Active,8,Fribourg,5325.0,103991,,1.0,Bike,26.0,Sponsor 26
2023-09-24 03:38:00,797,46.81795070092267,7.126884943129607,Place des Osses,Route du Tir-Fédéral,1762,Givisiez,True,29,Active,8,Fribourg,5245.0,502426,60.0,2.0,E-Bike,26.0,Sponsor 26
2023-09-24 03:38:00,797,46.81795070092267,7.126884943129607,Place des Osses,Route du Tir-Fédéral,1762,Givisiez,True,29,Active,8,Fribourg,1853.0,101747,,1.0,Bike,26.0,Sponsor 26
2023-09-24 03:38:00,797,46.81795070092267,7.126884943129607,Place des Osses,Route du Tir-Fédéral,1762,Givisiez,True,29,Active,8,Fribourg,5268.0,502424,11.0,2.0,E-Bike,26.0,Sponsor 26
2023-09-24 03:38:00,797,46.81795070092267,7.126884943129607,Place des Osses,Route du Tir-Fédéral,1762,Givisiez,True,29,Active,8,Fribourg,5829.0,504172,,2.0,E-Bike,26.0,Sponsor 26
2023-09-24 03:38:00,797,46.81795070092267,7.126884943129607,Place des Osses,Route du Tir-Fédéral,1762,Givisiez,True,29,Active,8,Fribourg,5307.0,103988,,1.0,Bike,26.0,Sponsor 26
2023-09-24 03:38:00,797,46.81795070092267,7.126884943129607,Place des Osses,Route du Tir-Fédéral,1762,Givisiez,True,29,Active,8,Fribourg,4242.0,504069,13.0,2.0,E-Bike,26.0,Sponsor 26
2023-09-24 03:38:00,23,46.5175143,6.5261484,Préverenges,Route de Genève,1028,Préverenges,True,11,Active,2,Lausanne-Morges,409.0,504446,38.0,2.0,E-Bike,10.0,Sponsor 10
2023-09-24 03:38:00,23,46.5175143,6.5261484,Préverenges,Route de Genève,1028,Préverenges,True,11,Active,2,Lausanne-Morges,5906.0,503812,88.0,2.0,E-Bike,10.0,Sponsor 10
2023-09-24 03:38:00,23,46.5175143,6.5261484,Préverenges,Route de Genève,1028,Préverenges,True,11,Active,2,Lausanne-Morges,64.0,100366,17.0,2.0,E-Bike,10.0,Sponsor 10
2023-09-24 03:38:00,23,46.5175143,6.5261484,Préverenges,Route de Genève,1028,Préverenges,True,11,Active,2,Lausanne-Morges,5753.0,503825,38.0,2.0,E-Bike,10.0,Sponsor 10
2023-09-24 03:38:00,23,46.5175143,6.5261484,Préverenges,Route de Genève,1028,Préverenges,True,11,Active,2,Lausanne-Morges,262.0,101033,,1.0,Bike,10.0,Sponsor 10
2023-09-24 03:38:00,23,46.5175143,6.5261484,Préverenges,Route de Genève,1028,Préverenges,True,11,Active,2,Lausanne-Morges,5778.0,503768,,2.0,E-Bike,10.0,Sponsor 10
2023-09-24 03:38:00,23,46.5175143,6.5261484,Préverenges,Route de Genève,1028,Préverenges,True,11,Active,2,Lausanne-Morges,6119.0,504265,58.0,2.0,E-Bike,10.0,Sponsor 10
2023-09-24 03:38:00,23,46.5175143,6.5261484,Préverenges,Route de Genève,1028,Préverenges,True,11,Active,2,Lausanne-Morges,6121.0,504270,81.0,2.0,E-Bike,10.0,Sponsor 10
2023-09-24 03:38:00,23,46.5175143,6.5261484,Préverenges,Route de Genève,1028,Préverenges,True,11,Active,2,Lausanne-Morges,330.0,503485,58.0,2.0,E-Bike,10.0,Sponsor 10
2023-09-24 03:38:00,23,46.5175143,6.5261484,Préverenges,Route de Genève,1028,Préverenges,True,11,Active,2,Lausanne-Morges,5903.0,503810,,2.0,E-Bike,10.0,Sponsor 10
2023-09-24 03:38:00,23,46.5175143,6.5261484,Préverenges,Route de Genève,1028,Préverenges,True,11,Active,2,Lausanne-Morges,284.0,100151,,1.0,Bike,10.0,Sponsor 10
2023-09-24 03:38:00,194,46.95860113643669,7.456935120256138,Kasernenwiese,Militärstrasse 42,3014,Bern,True,10,Active,5,Bern,4618.0,503058,76.0,2.0,E-Bike,,
2023-09-24 03:38:00,194,46.95860113643669,7.456935120256138,Kasernenwiese,Militärstrasse 42,3014,Bern,True,10,Active,5,Bern,4607.0,503065,79.0,2.0,E-Bike,,
2023-09-24 03:38:00,194,46.95860113643669,7.456935120256138,Kasernenwiese,Militärstrasse 42,3014,Bern,True,10,Active,5,Bern,2026.0,501937,16.0,2.0,E-Bike,,
2023-09-24 03:38:00,194,46.95860113643669,7.456935120256138,Kasernenwiese,Militärstrasse 42,3014,Bern,True,10,Active,5,Bern,4519.0,503050,65.0,2.0,E-Bike,,
2023-09-24 03:38:00,194,46.95860113643669,7.456935120256138,Kasernenwiese,Militärstrasse 42,3014,Bern,True,10,Active,5,Bern,3159.0,102712,,1.0,Bike,,
2023-09-24 03:38:00,194,46.95860113643669,7.456935120256138,Kasernenwiese,Militärstrasse 42,3014,Bern,True,10,Active,5,Bern,2786.0,501065,57.0,2.0,E-Bike,,
2023-09-24 03:38:00,194,46.95860113643669,7.456935120256138,Kasernenwiese,Militärstrasse 42,3014,Bern,True,10,Active,5,Bern,3898.0,500792,82.0,2.0,E-Bike,,
2023-09-24 03:38:00,194,46.95860113643669,7.456935120256138,Kasernenwiese,Militärstrasse 42,3014,Bern,True,10,Active,5,Bern,3229.0,102785,,1.0,Bike,,
2023-09-24 03:38:00,194,46.95860113643669,7.456935120256138,Kasernenwiese,Militärstrasse 42,3014,Bern,True,10,Active,5,Bern,3860.0,104549,,1.0,Bike,,
2023-09-24 03:38:00,194,46.95860113643669,7.456935120256138,Kasernenwiese,Militärstrasse 42,3014,Bern,True,10,Active,5,Bern,1251.0,501995,28.0,2.0,E-Bike,,
2023-09-24 03:38:00,194,46.95860113643669,7.456935120256138,Kasernenwiese,Militärstrasse 42,3014,Bern,True,10,Active,5,Bern,2783.0,501364,48.0,2.0,E-Bike,,
2023-09-24 03:38:00,194,46.95860113643669,7.456935120256138,Kasernenwiese,Militärstrasse 42,3014,Bern,True,10,Active,5,Bern,4506.0,503033,83.0,2.0,E-Bike,,
2023-09-24 03:38:00,194,46.95860113643669,7.456935120256138,Kasernenwiese,Militärstrasse 42,3014,Bern,True,10,Active,5,Bern,3637.0,102963,,1.0,Bike,,
2023-09-24 03:38:00,194,46.95860113643669,7.456935120256138,Kasernenwiese,Militärstrasse 42,3014,Bern,True,10,Active,5,Bern,4566.0,104089,,1.0,Bike,,
2023-09-24 03:38:00,194,46.95860113643669,7.456935120256138,Kasernenwiese,Militärstrasse 42,3014,Bern,True,10,Active,5,Bern,4750.0,500733,59.0,2.0,E-Bike,,
2023-09-24 03:38:00,194,46.95860113643669,7.456935120256138,Kasernenwiese,Militärstrasse 42,3014,Bern,True,10,Active,5,Bern,957.0,101512,,1.0,Bike,,
2023-09-24 03:38:00,194,46.95860113643669,7.456935120256138,Kasernenwiese,Militärstrasse 42,3014,Bern,True,10,Active,5,Bern,2791.0,501191,56.0,2.0,E-Bike,,
2023-09-24 03:38:00,194,46.95860113643669,7.456935120256138,Kasernenwiese,Militärstrasse 42,3014,Bern,True,10,Active,5,Bern,2520.0,501324,49.0,2.0,E-Bike,,
2023-09-24 03:38:00,205,46.032852,8.921806,Manno Parco Giova,Via Norello 4,6928,Manno,True,80,Active,3,Sottoceneri (TI),4195.0,101918,,1.0,Bike,,
2023-09-24 03:38:00,205,46.032852,8.921806,Manno Parco Giova,Via Norello 4,6928,Manno,True,80,Active,3,Sottoceneri (TI),5587.0,104787,,1.0,Bike,,
2023-09-24 03:38:00,239,46.7931454,7.1322764,Cormanon,Route de la Berra 2,1752,Villars-sur-Glâne,True,38,Active,8,Fribourg,1872.0,500918,,2.0,E-Bike,26.0,Sponsor 26
2023-09-24 03:38:00,239,46.7931454,7.1322764,Cormanon,Route de la Berra 2,1752,Villars-sur-Glâne,True,38,Active,8,Fribourg,5682.0,104989,,1.0,Bike,26.0,Sponsor 26
2023-09-24 03:38:00,239,46.7931454,7.1322764,Cormanon,Route de la Berra 2,1752,Villars-sur-Glâne,True,38,Active,8,Fribourg,1875.0,501209,28.0,2.0,E-Bike,26.0,Sponsor 26
2023-09-24 03:38:00,239,46.7931454,7.1322764,Cormanon,Route de la Berra 2,1752,Villars-sur-Glâne,True,38,Active,8,Fribourg,231.0,100302,35.0,2.0,E-Bike,26.0,Sponsor 26
2023-09-24 03:38:00,239,46.7931454,7.1322764,Cormanon,Route de la Berra 2,1752,Villars-sur-Glâne,True,38,Active,8,Fribourg,1897.0,500957,,2.0,E-Bike,26.0,Sponsor 26
2023-09-24 03:38:00,239,46.7931454,7.1322764,Cormanon,Route de la Berra 2,1752,Villars-sur-Glâne,True,38,Active,8,Fribourg,5311.0,103990,,1.0,Bike,26.0,Sponsor 26
2023-09-24 03:38:00,239,46.7931454,7.1322764,Cormanon,Route de la Berra 2,1752,Villars-sur-Glâne,True,38,Active,8,Fribourg,5806.0,104130,,1.0,Bike,26.0,Sponsor 26
2023-09-24 03:38:00,156,47.386596,8.490837,Luggwegstrasse VBZ,Badenerstrasse 627,8048,Zürich,True,26,Active,6,Zürich,3366.0,501241,53.0,2.0,E-Bike,,
2023-09-24 03:38:00,156,47.386596,8.490837,Luggwegstrasse VBZ,Badenerstrasse 627,8048,Zürich,True,26,Active,6,Zürich,644.0,101451,,1.0,Bike,,
2023-09-24 03:38:00,187,46.947127654625206,7.46573539047808,Schule Laubegg,Schosshaldenstrasse 37,3006,Bern,True,10,Active,5,Bern,1238.0,501958,65.0,2.0,E-Bike,,
2023-09-24 03:38:00,187,46.947127654625206,7.46573539047808,Schule Laubegg,Schosshaldenstrasse 37,3006,Bern,True,10,Active,5,Bern,4326.0,503185,50.0,2.0,E-Bike,,
2023-09-24 03:38:00,187,46.947127654625206,7.46573539047808,Schule Laubegg,Schosshaldenstrasse 37,3006,Bern,True,10,Active,5,Bern,3477.0,501102,44.0,2.0,E-Bike,,
2023-09-24 03:38:00,187,46.947127654625206,7.46573539047808,Schule Laubegg,Schosshaldenstrasse 37,3006,Bern,True,10,Active,5,Bern,2378.0,501347,13.0,2.0,E-Bike,,
2023-09-24 03:38:00,187,46.947127654625206,7.46573539047808,Schule Laubegg,Schosshaldenstrasse 37,3006,Bern,True,10,Active,5,Bern,3488.0,502155,15.0,2.0,E-Bike,,
2023-09-24 03:38:00,187,46.947127654625206,7.46573539047808,Schule Laubegg,Schosshaldenstrasse 37,3006,Bern,True,10,Active,5,Bern,3334.0,501466,55.0,2.0,E-Bike,,
2023-09-24 03:38:00,187,46.947127654625206,7.46573539047808,Schule Laubegg,Schosshaldenstrasse 37,3006,Bern,True,10,Active,5,Bern,1663.0,501674,77.0,2.0,E-Bike,,
2023-09-24 03:38:00,187,46.947127654625206,7.46573539047808,Schule Laubegg,Schosshaldenstrasse 37,3006,Bern,True,10,Active,5,Bern,4608.0,503080,84.0,2.0,E-Bike,,
2023-09-24 03:38:00,187,46.947127654625206,7.46573539047808,Schule Laubegg,Schosshaldenstrasse 37,3006,Bern,True,10,Active,5,Bern,4337.0,503198,89.0,2.0,E-Bike,,
2023-09-24 03:38:00,187,46.947127654625206,7.46573539047808,Schule Laubegg,Schosshaldenstrasse 37,3006,Bern,True,10,Active,5,Bern,2525.0,501328,52.0,2.0,E-Bike,,
2023-09-24 03:38:00,187,46.947127654625206,7.46573539047808,Schule Laubegg,Schosshaldenstrasse 37,3006,Bern,True,10,Active,5,Bern,4094.0,500872,94.0,2.0,E-Bike,,
2023-09-24 03:38:00,187,46.947127654625206,7.46573539047808,Schule Laubegg,Schosshaldenstrasse 37,3006,Bern,True,10,Active,5,Bern,4329.0,502628,24.0,2.0,E-Bike,,
2023-09-24 03:38:00,187,46.947127654625206,7.46573539047808,Schule Laubegg,Schosshaldenstrasse 37,3006,Bern,True,10,Active,5,Bern,3600.0,502671,34.0,2.0,E-Bike,,
2023-09-24 03:38:00,187,46.947127654625206,7.46573539047808,Schule Laubegg,Schosshaldenstrasse 37,3006,Bern,True,10,Active,5,Bern,1059.0,101488,,1.0,Bike,,
2023-09-24 03:38:00,187,46.947127654625206,7.46573539047808,Schule Laubegg,Schosshaldenstrasse 37,3006,Bern,True,10,Active,5,Bern,4362.0,503217,42.0,2.0,E-Bike,,
2023-09-24 03:38:00,187,46.947127654625206,7.46573539047808,Schule Laubegg,Schosshaldenstrasse 37,3006,Bern,True,10,Active,5,Bern,4611.0,503059,15.0,2.0,E-Bike,,
2023-09-24 03:38:00,187,46.947127654625206,7.46573539047808,Schule Laubegg,Schosshaldenstrasse 37,3006,Bern,True,10,Active,5,Bern,3849.0,103254,,1.0,Bike,,
2023-09-24 03:38:00,187,46.947127654625206,7.46573539047808,Schule Laubegg,Schosshaldenstrasse 37,3006,Bern,True,10,Active,5,Bern,1250.0,501951,80.0,2.0,E-Bike,,
2023-09-24 03:38:00,187,46.947127654625206,7.46573539047808,Schule Laubegg,Schosshaldenstrasse 37,3006,Bern,True,10,Active,5,Bern,1669.0,501682,40.0,2.0,E-Bike,,
2023-09-24 03:38:00,187,46.947127654625206,7.46573539047808,Schule Laubegg,Schosshaldenstrasse 37,3006,Bern,True,10,Active,5,Bern,3468.0,502183,11.0,2.0,E-Bike,,
2023-09-24 03:38:00,187,46.947127654625206,7.46573539047808,Schule Laubegg,Schosshaldenstrasse 37,3006,Bern,True,10,Active,5,Bern,2554.0,102416,,1.0,Bike,,
2023-09-24 03:38:00,187,46.947127654625206,7.46573539047808,Schule Laubegg,Schosshaldenstrasse 37,3006,Bern,True,10,Active,5,Bern,2302.0,102440,,1.0,Bike,,
2023-09-24 03:38:00,187,46.947127654625206,7.46573539047808,Schule Laubegg,Schosshaldenstrasse 37,3006,Bern,True,10,Active,5,Bern,4597.0,503083,43.0,2.0,E-Bike,,
2023-09-24 03:38:00,167,46.39294,6.23856,"Nyon, Triangle de l'Etraz",Route de l'Etraz 70,1260,Nyon,True,29,Active,9,Région de Nyon,1699.0,501696,,2.0,E-Bike,,
2023-09-24 03:38:00,167,46.39294,6.23856,"Nyon, Triangle de l'Etraz",Route de l'Etraz 70,1260,Nyon,True,29,Active,9,Région de Nyon,1950.0,501137,,2.0,E-Bike,,
2023-09-24 03:38:00,167,46.39294,6.23856,"Nyon, Triangle de l'Etraz",Route de l'Etraz 70,1260,Nyon,True,29,Active,9,Région de Nyon,1311.0,101106,,1.0,Bike,,
2023-09-24 03:38:00,167,46.39294,6.23856,"Nyon, Triangle de l'Etraz",Route de l'Etraz 70,1260,Nyon,True,29,Active,9,Région de Nyon,5193.0,502910,,2.0,E-Bike,,
2023-09-24 03:38:00,167,46.39294,6.23856,"Nyon, Triangle de l'Etraz",Route de l'Etraz 70,1260,Nyon,True,29,Active,9,Région de Nyon,5222.0,104201,,1.0,Bike,,
2023-09-24 03:38:00,167,46.39294,6.23856,"Nyon, Triangle de l'Etraz",Route de l'Etraz 70,1260,Nyon,True,29,Active,9,Région de Nyon,5659.0,503612,29.0,2.0,E-Bike,,
2023-09-24 03:38:00,167,46.39294,6.23856,"Nyon, Triangle de l'Etraz",Route de l'Etraz 70,1260,Nyon,True,29,Active,9,Région de Nyon,5195.0,502912,44.0,2.0,E-Bike,,
2023-09-24 03:38:00,321,46.93965162143165,7.440241261842887,Monbijoubrücke,Eigerstrasse 80,3007,Bern,True,8,Active,5,Bern,974.0,101505,,1.0,Bike,,
2023-09-24 03:38:00,321,46.93965162143165,7.440241261842887,Monbijoubrücke,Eigerstrasse 80,3007,Bern,True,8,Active,5,Bern,3868.0,103381,,1.0,Bike,,
2023-09-24 03:38:00,321,46.93965162143165,7.440241261842887,Monbijoubrücke,Eigerstrasse 80,3007,Bern,True,8,Active,5,Bern,3205.0,102778,,1.0,Bike,,
2023-09-24 03:38:00,321,46.93965162143165,7.440241261842887,Monbijoubrücke,Eigerstrasse 80,3007,Bern,True,8,Active,5,Bern,3781.0,103187,,1.0,Bike,,
2023-09-24 03:38:00,321,46.93965162143165,7.440241261842887,Monbijoubrücke,Eigerstrasse 80,3007,Bern,True,8,Active,5,Bern,3235.0,102793,,1.0,Bike,,
2023-09-24 03:38:00,321,46.93965162143165,7.440241261842887,Monbijoubrücke,Eigerstrasse 80,3007,Bern,True,8,Active,5,Bern,1495.0,101602,,1.0,Bike,,
2023-09-24 03:38:00,321,46.93965162143165,7.440241261842887,Monbijoubrücke,Eigerstrasse 80,3007,Bern,True,8,Active,5,Bern,2289.0,104224,,1.0,Bike,,
2023-09-24 03:38:00,321,46.93965162143165,7.440241261842887,Monbijoubrücke,Eigerstrasse 80,3007,Bern,True,8,Active,5,Bern,2363.0,104215,,1.0,Bike,,
2023-09-24 03:38:00,321,46.93965162143165,7.440241261842887,Monbijoubrücke,Eigerstrasse 80,3007,Bern,True,8,Active,5,Bern,3620.0,102985,,1.0,Bike,,
2023-09-24 03:38:00,321,46.93965162143165,7.440241261842887,Monbijoubrücke,Eigerstrasse 80,3007,Bern,True,8,Active,5,Bern,2261.0,102056,,1.0,Bike,,
2023-09-24 03:38:00,321,46.93965162143165,7.440241261842887,Monbijoubrücke,Eigerstrasse 80,3007,Bern,True,8,Active,5,Bern,3233.0,102747,,1.0,Bike,,
2023-09-24 03:38:00,321,46.93965162143165,7.440241261842887,Monbijoubrücke,Eigerstrasse 80,3007,Bern,True,8,Active,5,Bern,1463.0,101603,,1.0,Bike,,
2023-09-24 03:38:00,321,46.93965162143165,7.440241261842887,Monbijoubrücke,Eigerstrasse 80,3007,Bern,True,8,Active,5,Bern,2280.0,102059,,1.0,Bike,,
2023-09-24 03:38:00,321,46.93965162143165,7.440241261842887,Monbijoubrücke,Eigerstrasse 80,3007,Bern,True,8,Active,5,Bern,1618.0,103382,,1.0,Bike,,
2023-09-24 03:38:00,489,46.523333,6.625402,Chauderon,Place Chauderon 11,1003,Lausanne,True,24,Active (empty),2,Lausanne-Morges,,,,,,1.0,Sponsor 01
2023-09-24 03:38:00,159,47.371868,8.515558,Zwinglihaus,Aemtlerstrasse 23,8003,Zürich,True,22,Active,6,Zürich,749.0,500152,,2.0,E-Bike,,
2023-09-24 03:38:00,159,47.371868,8.515558,Zwinglihaus,Aemtlerstrasse 23,8003,Zürich,True,22,Active,6,Zürich,2831.0,501570,12.0,2.0,E-Bike,,
2023-09-24 03:38:00,159,47.371868,8.515558,Zwinglihaus,Aemtlerstrasse 23,8003,Zürich,True,22,Active,6,Zürich,646.0,101405,,1.0,Bike,,
2023-09-24 03:38:00,159,47.371868,8.515558,Zwinglihaus,Aemtlerstrasse 23,8003,Zürich,True,22,Active,6,Zürich,3658.0,104716,,1.0,Bike,,
2023-09-24 03:38:00,159,47.371868,8.515558,Zwinglihaus,Aemtlerstrasse 23,8003,Zürich,True,22,Active,6,Zürich,529.0,101165,,1.0,Bike,,
2023-09-24 03:38:00,159,47.371868,8.515558,Zwinglihaus,Aemtlerstrasse 23,8003,Zürich,True,22,Active,6,Zürich,687.0,104878,,1.0,Bike,,
2023-09-24 03:38:00,159,47.371868,8.515558,Zwinglihaus,Aemtlerstrasse 23,8003,Zürich,True,22,Active,6,Zürich,807.0,500172,12.0,2.0,E-Bike,,
2023-09-24 03:38:00,159,47.371868,8.515558,Zwinglihaus,Aemtlerstrasse 23,8003,Zürich,True,22,Active,6,Zürich,794.0,500247,17.0,2.0,E-Bike,,
2023-09-24 03:38:00,159,47.371868,8.515558,Zwinglihaus,Aemtlerstrasse 23,8003,Zürich,True,22,Active,6,Zürich,2894.0,102654,,1.0,Bike,,
2023-09-24 03:38:00,159,47.371868,8.515558,Zwinglihaus,Aemtlerstrasse 23,8003,Zürich,True,22,Active,6,Zürich,578.0,101247,,1.0,Bike,,
2023-09-24 03:38:00,159,47.371868,8.515558,Zwinglihaus,Aemtlerstrasse 23,8003,Zürich,True,22,Active,6,Zürich,4727.0,500724,12.0,2.0,E-Bike,,
2023-09-24 03:38:00,159,47.371868,8.515558,Zwinglihaus,Aemtlerstrasse 23,8003,Zürich,True,22,Active,6,Zürich,4756.0,500549,30.0,2.0,E-Bike,,
2023-09-24 03:38:00,159,47.371868,8.515558,Zwinglihaus,Aemtlerstrasse 23,8003,Zürich,True,22,Active,6,Zürich,541.0,104743,,1.0,Bike,,
2023-09-24 03:38:00,159,47.371868,8.515558,Zwinglihaus,Aemtlerstrasse 23,8003,Zürich,True,22,Active,6,Zürich,2414.0,102563,,1.0,Bike,,
2023-09-24 03:38:00,159,47.371868,8.515558,Zwinglihaus,Aemtlerstrasse 23,8003,Zürich,True,22,Active,6,Zürich,640.0,104749,,1.0,Bike,,
2023-09-24 03:38:00,159,47.371868,8.515558,Zwinglihaus,Aemtlerstrasse 23,8003,Zürich,True,22,Active,6,Zürich,4807.0,500606,22.0,2.0,E-Bike,,
2023-09-24 03:38:00,159,47.371868,8.515558,Zwinglihaus,Aemtlerstrasse 23,8003,Zürich,True,22,Active,6,Zürich,462.0,101251,,1.0,Bike,,
2023-09-24 03:38:00,159,47.371868,8.515558,Zwinglihaus,Aemtlerstrasse 23,8003,Zürich,True,22,Active,6,Zürich,3645.0,103022,,1.0,Bike,,
2023-09-24 03:38:00,84,47.3789825,8.5412505,Landesmuseum,Museumstrasse 2,8001,Zürich,True,64,Active,6,Zürich,3769.0,104746,,1.0,Bike,,
2023-09-24 03:38:00,84,47.3789825,8.5412505,Landesmuseum,Museumstrasse 2,8001,Zürich,True,64,Active,6,Zürich,2465.0,102618,,1.0,Bike,,
2023-09-24 03:38:00,84,47.3789825,8.5412505,Landesmuseum,Museumstrasse 2,8001,Zürich,True,64,Active,6,Zürich,480.0,101264,,1.0,Bike,,
2023-09-24 03:38:00,84,47.3789825,8.5412505,Landesmuseum,Museumstrasse 2,8001,Zürich,True,64,Active,6,Zürich,3093.0,102833,,1.0,Bike,,
2023-09-24 03:38:00,84,47.3789825,8.5412505,Landesmuseum,Museumstrasse 2,8001,Zürich,True,64,Active,6,Zürich,3249.0,102874,,1.0,Bike,,
2023-09-24 03:38:00,84,47.3789825,8.5412505,Landesmuseum,Museumstrasse 2,8001,Zürich,True,64,Active,6,Zürich,653.0,101397,,1.0,Bike,,
2023-09-24 03:38:00,84,47.3789825,8.5412505,Landesmuseum,Museumstrasse 2,8001,Zürich,True,64,Active,6,Zürich,593.0,101270,,1.0,Bike,,
2023-09-24 03:38:00,84,47.3789825,8.5412505,Landesmuseum,Museumstrasse 2,8001,Zürich,True,64,Active,6,Zürich,4424.0,503267,16.0,2.0,E-Bike,,
2023-09-24 03:38:00,84,47.3789825,8.5412505,Landesmuseum,Museumstrasse 2,8001,Zürich,True,64,Active,6,Zürich,3979.0,500848,33.0,2.0,E-Bike,,
2023-09-24 03:38:00,84,47.3789825,8.5412505,Landesmuseum,Museumstrasse 2,8001,Zürich,True,64,Active,6,Zürich,3708.0,103036,,1.0,Bike,,
2023-09-24 03:38:00,84,47.3789825,8.5412505,Landesmuseum,Museumstrasse 2,8001,Zürich,True,64,Active,6,Zürich,2906.0,102637,,1.0,Bike,,
2023-09-24 03:38:00,84,47.3789825,8.5412505,Landesmuseum,Museumstrasse 2,8001,Zürich,True,64,Active,6,Zürich,2384.0,102546,,1.0,Bike,,
2023-09-24 03:38:00,84,47.3789825,8.5412505,Landesmuseum,Museumstrasse 2,8001,Zürich,True,64,Active,6,Zürich,3526.0,500783,11.0,2.0,E-Bike,,
2023-09-24 03:38:00,84,47.3789825,8.5412505,Landesmuseum,Museumstrasse 2,8001,Zürich,True,64,Active,6,Zürich,1581.0,101655,,1.0,Bike,,
2023-09-24 03:38:00,84,47.3789825,8.5412505,Landesmuseum,Museumstrasse 2,8001,Zürich,True,64,Active,6,Zürich,454.0,101256,,1.0,Bike,,
2023-09-24 03:38:00,84,47.3789825,8.5412505,Landesmuseum,Museumstrasse 2,8001,Zürich,True,64,Active,6,Zürich,4650.0,503099,28.0,2.0,E-Bike,,
2023-09-24 03:38:00,84,47.3789825,8.5412505,Landesmuseum,Museumstrasse 2,8001,Zürich,True,64,Active,6,Zürich,930.0,500127,38.0,2.0,E-Bike,,
2023-09-24 03:38:00,84,47.3789825,8.5412505,Landesmuseum,Museumstrasse 2,8001,Zürich,True,64,Active,6,Zürich,3685.0,103092,,1.0,Bike,,
2023-09-24 03:38:00,84,47.3789825,8.5412505,Landesmuseum,Museumstrasse 2,8001,Zürich,True,64,Active,6,Zürich,2918.0,102207,,1.0,Bike,,
2023-09-24 03:38:00,84,47.3789825,8.5412505,Landesmuseum,Museumstrasse 2,8001,Zürich,True,64,Active,6,Zürich,3094.0,102835,,1.0,Bike,,
2023-09-24 03:38:00,84,47.3789825,8.5412505,Landesmuseum,Museumstrasse 2,8001,Zürich,True,64,Active,6,Zürich,3686.0,103070,,1.0,Bike,,
2023-09-24 03:38:00,84,47.3789825,8.5412505,Landesmuseum,Museumstrasse 2,8001,Zürich,True,64,Active,6,Zürich,3247.0,102877,,1.0,Bike,,
2023-09-24 03:38:00,84,47.3789825,8.5412505,Landesmuseum,Museumstrasse 2,8001,Zürich,True,64,Active,6,Zürich,2462.0,102597,,1.0,Bike,,
2023-09-24 03:38:00,84,47.3789825,8.5412505,Landesmuseum,Museumstrasse 2,8001,Zürich,True,64,Active,6,Zürich,601.0,101466,,1.0,Bike,,
2023-09-24 03:38:00,84,47.3789825,8.5412505,Landesmuseum,Museumstrasse 2,8001,Zürich,True,64,Active,6,Zürich,2449.0,102266,,1.0,Bike,,
2023-09-24 03:38:00,84,47.3789825,8.5412505,Landesmuseum,Museumstrasse 2,8001,Zürich,True,64,Active,6,Zürich,4766.0,500745,28.0,2.0,E-Bike,,
2023-09-24 03:38:00,84,47.3789825,8.5412505,Landesmuseum,Museumstrasse 2,8001,Zürich,True,64,Active,6,Zürich,607.0,101558,,1.0,Bike,,
2023-09-24 03:38:00,84,47.3789825,8.5412505,Landesmuseum,Museumstrasse 2,8001,Zürich,True,64,Active,6,Zürich,3072.0,102332,,1.0,Bike,,
2023-09-24 03:38:00,84,47.3789825,8.5412505,Landesmuseum,Museumstrasse 2,8001,Zürich,True,64,Active,6,Zürich,2669.0,501033,54.0,2.0,E-Bike,,
2023-09-24 03:38:00,228,46.9534206,7.4328277,Mittelstrasse Süd,Mittelstrasse 5,3012,Bern,True,10,Active,5,Bern,1631.0,501711,48.0,2.0,E-Bike,,
2023-09-24 03:38:00,715,45.890055,8.950718,Quartiere di Meride,Ala Caraa,6866,Meride,True,21,Active,3,Sottoceneri (TI),1757.0,101720,,1.0,Bike,,
2023-09-24 03:38:00,715,45.890055,8.950718,Quartiere di Meride,Ala Caraa,6866,Meride,True,21,Active,3,Sottoceneri (TI),5375.0,104495,,1.0,Bike,,
2023-09-24 03:38:00,127,47.361567,8.525525,Klopstockwiese,Klopstockstrasse 23,8002,Zürich,True,26,Active,6,Zürich,2867.0,501564,32.0,2.0,E-Bike,,
2023-09-24 03:38:00,127,47.361567,8.525525,Klopstockwiese,Klopstockstrasse 23,8002,Zürich,True,26,Active,6,Zürich,2443.0,102580,,1.0,Bike,,
2023-09-24 03:38:00,127,47.361567,8.525525,Klopstockwiese,Klopstockstrasse 23,8002,Zürich,True,26,Active,6,Zürich,2659.0,501071,17.0,2.0,E-Bike,,
2023-09-24 03:38:00,127,47.361567,8.525525,Klopstockwiese,Klopstockstrasse 23,8002,Zürich,True,26,Active,6,Zürich,4664.0,503128,18.0,2.0,E-Bike,,
2023-09-24 03:38:00,127,47.361567,8.525525,Klopstockwiese,Klopstockstrasse 23,8002,Zürich,True,26,Active,6,Zürich,3535.0,102932,,1.0,Bike,,
2023-09-24 03:38:00,127,47.361567,8.525525,Klopstockwiese,Klopstockstrasse 23,8002,Zürich,True,26,Active,6,Zürich,4413.0,504021,16.0,2.0,E-Bike,,
2023-09-24 03:38:00,127,47.361567,8.525525,Klopstockwiese,Klopstockstrasse 23,8002,Zürich,True,26,Active,6,Zürich,564.0,101224,,1.0,Bike,,
2023-09-24 03:38:00,746,45.841894,8.916675,Stabio - Gaggiolo,Via Gaggiolo,6855,Stabio,True,21,Active,3,Sottoceneri (TI),4125.0,502198,77.0,2.0,E-Bike,,
2023-09-24 03:38:00,746,45.841894,8.916675,Stabio - Gaggiolo,Via Gaggiolo,6855,Stabio,True,21,Active,3,Sottoceneri (TI),5014.0,502831,84.0,2.0,E-Bike,,
2023-09-24 03:38:00,746,45.841894,8.916675,Stabio - Gaggiolo,Via Gaggiolo,6855,Stabio,True,21,Active,3,Sottoceneri (TI),5475.0,104457,,1.0,Bike,,
2023-09-24 03:38:00,850,46.428783178554085,6.249760378428628,"Vich, Poste",Place Marcel Ponce,1267,Vich,True,22,Active,9,Région de Nyon,1309.0,101080,,1.0,Bike,,
2023-09-24 03:38:00,850,46.428783178554085,6.249760378428628,"Vich, Poste",Place Marcel Ponce,1267,Vich,True,22,Active,9,Région de Nyon,1695.0,101695,,1.0,Bike,,
2023-09-24 03:38:00,850,46.428783178554085,6.249760378428628,"Vich, Poste",Place Marcel Ponce,1267,Vich,True,22,Active,9,Région de Nyon,5857.0,504139,,2.0,E-Bike,,
2023-09-24 03:38:00,850,46.428783178554085,6.249760378428628,"Vich, Poste",Place Marcel Ponce,1267,Vich,True,22,Active,9,Région de Nyon,1726.0,501646,53.0,2.0,E-Bike,,
2023-09-24 03:38:00,850,46.428783178554085,6.249760378428628,"Vich, Poste",Place Marcel Ponce,1267,Vich,True,22,Active,9,Région de Nyon,1677.0,101070,,1.0,Bike,,
2023-09-24 03:38:00,252,46.9497908,7.4441278,Speichergasse PROGR,Waisenhausplatz 28,3011,Bern,True,10,Active (empty),5,Bern,,,,,,,
2023-09-24 03:38:00,47,46.02398,8.968292,Pregassona,Via Terzerina,6900,Lugano,True,13,Active,3,Sottoceneri (TI),5478.0,503606,36.0,2.0,E-Bike,,
2023-09-24 03:38:00,47,46.02398,8.968292,Pregassona,Via Terzerina,6900,Lugano,True,13,Active,3,Sottoceneri (TI),1764.0,102624,,1.0,Bike,,
2023-09-24 03:38:00,47,46.02398,8.968292,Pregassona,Via Terzerina,6900,Lugano,True,13,Active,3,Sottoceneri (TI),135.0,100289,80.0,2.0,E-Bike,,
2023-09-24 03:38:00,47,46.02398,8.968292,Pregassona,Via Terzerina,6900,Lugano,True,13,Active,3,Sottoceneri (TI),134.0,100292,59.0,2.0,E-Bike,,
2023-09-24 03:38:00,47,46.02398,8.968292,Pregassona,Via Terzerina,6900,Lugano,True,13,Active,3,Sottoceneri (TI),5440.0,104586,,1.0,Bike,,
2023-09-24 03:38:00,47,46.02398,8.968292,Pregassona,Via Terzerina,6900,Lugano,True,13,Active,3,Sottoceneri (TI),5408.0,104517,,1.0,Bike,,
2023-09-24 03:38:00,47,46.02398,8.968292,Pregassona,Via Terzerina,6900,Lugano,True,13,Active,3,Sottoceneri (TI),5053.0,502838,73.0,2.0,E-Bike,,
2023-09-24 03:38:00,47,46.02398,8.968292,Pregassona,Via Terzerina,6900,Lugano,True,13,Active,3,Sottoceneri (TI),5393.0,503584,92.0,2.0,E-Bike,,
2023-09-24 03:38:00,47,46.02398,8.968292,Pregassona,Via Terzerina,6900,Lugano,True,13,Active,3,Sottoceneri (TI),5563.0,104897,,1.0,Bike,,
2023-09-24 03:38:00,47,46.02398,8.968292,Pregassona,Via Terzerina,6900,Lugano,True,13,Active,3,Sottoceneri (TI),1710.0,501704,75.0,2.0,E-Bike,,
2023-09-24 03:38:00,47,46.02398,8.968292,Pregassona,Via Terzerina,6900,Lugano,True,13,Active,3,Sottoceneri (TI),117.0,100258,89.0,2.0,E-Bike,,
2023-09-24 03:38:00,717,45.87153897383477,8.968208417990107,Rancate Nucleo,Piazza S. Stefano,6862,Rancate,True,16,Active,3,Sottoceneri (TI),5506.0,104580,,1.0,Bike,,
2023-09-24 03:38:00,717,45.87153897383477,8.968208417990107,Rancate Nucleo,Piazza S. Stefano,6862,Rancate,True,16,Active,3,Sottoceneri (TI),5101.0,104105,,1.0,Bike,,
2023-09-24 03:38:00,717,45.87153897383477,8.968208417990107,Rancate Nucleo,Piazza S. Stefano,6862,Rancate,True,16,Active,3,Sottoceneri (TI),5499.0,104578,,1.0,Bike,,
2023-09-24 03:38:00,28,46.515862,6.630461,Lausanne Gare CFF Sud,Passage des Saugettes 7,1003,Lausanne,True,29,Active (empty),2,Lausanne-Morges,,,,,,1.0,Sponsor 01
2023-09-24 03:38:00,246,46.040345,8.932433,Lamone - Cadempino FFS,Via Girella 49,6814,Lamone,True,80,Active,3,Sottoceneri (TI),4203.0,101932,,1.0,Bike,,
2023-09-24 03:38:00,246,46.040345,8.932433,Lamone - Cadempino FFS,Via Girella 49,6814,Lamone,True,80,Active,3,Sottoceneri (TI),1776.0,501316,85.0,2.0,E-Bike,,
2023-09-24 03:38:00,246,46.040345,8.932433,Lamone - Cadempino FFS,Via Girella 49,6814,Lamone,True,80,Active,3,Sottoceneri (TI),5395.0,104513,,1.0,Bike,,
2023-09-24 03:38:00,246,46.040345,8.932433,Lamone - Cadempino FFS,Via Girella 49,6814,Lamone,True,80,Active,3,Sottoceneri (TI),5128.0,104141,,1.0,Bike,,
2023-09-24 03:38:00,500,46.794595,7.132707,MediaParc,Rue du Centre 7,1752,Villars-sur-Glâne,True,24,Active (empty),8,Fribourg,,,,,,36.0,Sponsor 36
2023-09-24 03:38:00,841,46.938446718314495,7.4808033698062095,Wittigkofen,Jupiterstrasse 1,3015,Bern,True,80,Active,5,Bern,4919.0,502968,51.0,2.0,E-Bike,,
2023-09-24 03:38:00,841,46.938446718314495,7.4808033698062095,Wittigkofen,Jupiterstrasse 1,3015,Bern,True,80,Active,5,Bern,2782.0,501119,92.0,2.0,E-Bike,,
2023-09-24 03:38:00,841,46.938446718314495,7.4808033698062095,Wittigkofen,Jupiterstrasse 1,3015,Bern,True,80,Active,5,Bern,4319.0,503180,92.0,2.0,E-Bike,,
2023-09-24 03:38:00,841,46.938446718314495,7.4808033698062095,Wittigkofen,Jupiterstrasse 1,3015,Bern,True,80,Active,5,Bern,2016.0,503505,94.0,2.0,E-Bike,,
2023-09-24 03:38:00,841,46.938446718314495,7.4808033698062095,Wittigkofen,Jupiterstrasse 1,3015,Bern,True,80,Active,5,Bern,1989.0,501865,88.0,2.0,E-Bike,,
2023-09-24 03:38:00,841,46.938446718314495,7.4808033698062095,Wittigkofen,Jupiterstrasse 1,3015,Bern,True,80,Active,5,Bern,4500.0,503039,16.0,2.0,E-Bike,,
2023-09-24 03:38:00,841,46.938446718314495,7.4808033698062095,Wittigkofen,Jupiterstrasse 1,3015,Bern,True,80,Active,5,Bern,2574.0,501178,22.0,2.0,E-Bike,,
2023-09-24 03:38:00,841,46.938446718314495,7.4808033698062095,Wittigkofen,Jupiterstrasse 1,3015,Bern,True,80,Active,5,Bern,1441.0,501757,41.0,2.0,E-Bike,,
2023-09-24 03:38:00,841,46.938446718314495,7.4808033698062095,Wittigkofen,Jupiterstrasse 1,3015,Bern,True,80,Active,5,Bern,2498.0,502591,89.0,2.0,E-Bike,,
2023-09-24 03:38:00,425,47.420757,8.508131,Bahnhof Affoltern,S-Bahnhof 1,8046,Zürich,True,14,Active,6,Zürich,3063.0,102801,,1.0,Bike,,
2023-09-24 03:38:00,425,47.420757,8.508131,Bahnhof Affoltern,S-Bahnhof 1,8046,Zürich,True,14,Active,6,Zürich,672.0,101458,,1.0,Bike,,
2023-09-24 03:38:00,425,47.420757,8.508131,Bahnhof Affoltern,S-Bahnhof 1,8046,Zürich,True,14,Active,6,Zürich,3939.0,103277,,1.0,Bike,,
2023-09-24 03:38:00,425,47.420757,8.508131,Bahnhof Affoltern,S-Bahnhof 1,8046,Zürich,True,14,Active,6,Zürich,496.0,101242,,1.0,Bike,,
2023-09-24 03:38:00,425,47.420757,8.508131,Bahnhof Affoltern,S-Bahnhof 1,8046,Zürich,True,14,Active,6,Zürich,3287.0,102885,,1.0,Bike,,
2023-09-24 03:38:00,425,47.420757,8.508131,Bahnhof Affoltern,S-Bahnhof 1,8046,Zürich,True,14,Active,6,Zürich,3244.0,102871,,1.0,Bike,,
2023-09-24 03:38:00,425,47.420757,8.508131,Bahnhof Affoltern,S-Bahnhof 1,8046,Zürich,True,14,Active,6,Zürich,3053.0,102806,,1.0,Bike,,
2023-09-24 03:38:00,326,46.9478691,7.4598938,Bärenpark,Grosser-Muristalden 4,3006,Bern,True,10,Active,5,Bern,2293.0,102456,,1.0,Bike,,
2023-09-24 03:38:00,326,46.9478691,7.4598938,Bärenpark,Grosser-Muristalden 4,3006,Bern,True,10,Active,5,Bern,3741.0,103122,,1.0,Bike,,
2023-09-24 03:38:00,326,46.9478691,7.4598938,Bärenpark,Grosser-Muristalden 4,3006,Bern,True,10,Active,5,Bern,3997.0,103314,,1.0,Bike,,
2023-09-24 03:38:00,326,46.9478691,7.4598938,Bärenpark,Grosser-Muristalden 4,3006,Bern,True,10,Active,5,Bern,2147.0,102011,,1.0,Bike,,
2023-09-24 03:38:00,326,46.9478691,7.4598938,Bärenpark,Grosser-Muristalden 4,3006,Bern,True,10,Active,5,Bern,2547.0,102436,,1.0,Bike,,
2023-09-24 03:38:00,326,46.9478691,7.4598938,Bärenpark,Grosser-Muristalden 4,3006,Bern,True,10,Active,5,Bern,3214.0,102781,,1.0,Bike,,
2023-09-24 03:38:00,326,46.9478691,7.4598938,Bärenpark,Grosser-Muristalden 4,3006,Bern,True,10,Active,5,Bern,4581.0,104085,,1.0,Bike,,
2023-09-24 03:38:00,326,46.9478691,7.4598938,Bärenpark,Grosser-Muristalden 4,3006,Bern,True,10,Active,5,Bern,3811.0,103193,,1.0,Bike,,
2023-09-24 03:38:00,326,46.9478691,7.4598938,Bärenpark,Grosser-Muristalden 4,3006,Bern,True,10,Active,5,Bern,4532.0,104278,,1.0,Bike,,
2023-09-24 03:38:00,326,46.9478691,7.4598938,Bärenpark,Grosser-Muristalden 4,3006,Bern,True,10,Active,5,Bern,3608.0,102972,,1.0,Bike,,
2023-09-24 03:38:00,326,46.9478691,7.4598938,Bärenpark,Grosser-Muristalden 4,3006,Bern,True,10,Active,5,Bern,2750.0,102309,,1.0,Bike,,
2023-09-24 03:38:00,326,46.9478691,7.4598938,Bärenpark,Grosser-Muristalden 4,3006,Bern,True,10,Active,5,Bern,1108.0,101332,,1.0,Bike,,
2023-09-24 03:38:00,326,46.9478691,7.4598938,Bärenpark,Grosser-Muristalden 4,3006,Bern,True,10,Active,5,Bern,3152.0,102203,,1.0,Bike,,
2023-09-24 03:38:00,326,46.9478691,7.4598938,Bärenpark,Grosser-Muristalden 4,3006,Bern,True,10,Active,5,Bern,3981.0,103310,,1.0,Bike,,
2023-09-24 03:38:00,326,46.9478691,7.4598938,Bärenpark,Grosser-Muristalden 4,3006,Bern,True,10,Active,5,Bern,3991.0,103294,,1.0,Bike,,
2023-09-24 03:38:00,326,46.9478691,7.4598938,Bärenpark,Grosser-Muristalden 4,3006,Bern,True,10,Active,5,Bern,1012.0,101546,,1.0,Bike,,
2023-09-24 03:38:00,326,46.9478691,7.4598938,Bärenpark,Grosser-Muristalden 4,3006,Bern,True,10,Active,5,Bern,2342.0,102516,,1.0,Bike,,
2023-09-24 03:38:00,326,46.9478691,7.4598938,Bärenpark,Grosser-Muristalden 4,3006,Bern,True,10,Active,5,Bern,2544.0,102430,,1.0,Bike,,
2023-09-24 03:38:00,251,46.94880984055474,7.4476057509678535,Kornhausplatz,Kornhausplatz 20,3011,Bern,True,13,Active,5,Bern,2705.0,102097,,1.0,Bike,,
2023-09-24 03:38:00,251,46.94880984055474,7.4476057509678535,Kornhausplatz,Kornhausplatz 20,3011,Bern,True,13,Active,5,Bern,2964.0,102211,,1.0,Bike,,
2023-09-24 03:38:00,251,46.94880984055474,7.4476057509678535,Kornhausplatz,Kornhausplatz 20,3011,Bern,True,13,Active,5,Bern,1615.0,101691,,1.0,Bike,,
2023-09-24 03:38:00,251,46.94880984055474,7.4476057509678535,Kornhausplatz,Kornhausplatz 20,3011,Bern,True,13,Active,5,Bern,4559.0,104095,,1.0,Bike,,
2023-09-24 03:38:00,251,46.94880984055474,7.4476057509678535,Kornhausplatz,Kornhausplatz 20,3011,Bern,True,13,Active,5,Bern,976.0,101516,,1.0,Bike,,
2023-09-24 03:38:00,251,46.94880984055474,7.4476057509678535,Kornhausplatz,Kornhausplatz 20,3011,Bern,True,13,Active,5,Bern,2366.0,102528,,1.0,Bike,,
2023-09-24 03:38:00,279,47.39808,8.533647,Bucheggplatz,Bucheggplatz 2,8057,Zürich,True,19,Active,6,Zürich,4393.0,503235,38.0,2.0,E-Bike,,
2023-09-24 03:38:00,280,47.392347,8.523549,Wipkingerplatz,Wipkingerplatz 4,8037,Zürich,True,22,Active,6,Zürich,463.0,101214,,1.0,Bike,,
2023-09-24 03:38:00,86,47.40781197,8.506822854,ETH Hönggerberg,Stefano-Franscini-Platz 5,8093,Zürich,True,19,Active,6,Zürich,1589.0,501673,66.0,2.0,E-Bike,,
2023-09-24 03:38:00,86,47.40781197,8.506822854,ETH Hönggerberg,Stefano-Franscini-Platz 5,8093,Zürich,True,19,Active,6,Zürich,3532.0,500781,58.0,2.0,E-Bike,,
2023-09-24 03:38:00,593,46.97293,7.450856,Tiefenau Bahnhof,Tiefenaustrasse 109,3004,Bern,True,38,Active,5,Bern,2584.0,501592,28.0,2.0,E-Bike,,
2023-09-24 03:38:00,593,46.97293,7.450856,Tiefenau Bahnhof,Tiefenaustrasse 109,3004,Bern,True,38,Active,5,Bern,3180.0,102757,,1.0,Bike,,
2023-09-24 03:38:00,593,46.97293,7.450856,Tiefenau Bahnhof,Tiefenaustrasse 109,3004,Bern,True,38,Active,5,Bern,4024.0,500855,88.0,2.0,E-Bike,,
2023-09-24 03:38:00,593,46.97293,7.450856,Tiefenau Bahnhof,Tiefenaustrasse 109,3004,Bern,True,38,Active,5,Bern,4898.0,502969,52.0,2.0,E-Bike,,
2023-09-24 03:38:00,593,46.97293,7.450856,Tiefenau Bahnhof,Tiefenaustrasse 109,3004,Bern,True,38,Active,5,Bern,2274.0,102052,,1.0,Bike,,
2023-09-24 03:38:00,593,46.97293,7.450856,Tiefenau Bahnhof,Tiefenaustrasse 109,3004,Bern,True,38,Active,5,Bern,3155.0,102695,,1.0,Bike,,
2023-09-24 03:38:00,593,46.97293,7.450856,Tiefenau Bahnhof,Tiefenaustrasse 109,3004,Bern,True,38,Active,5,Bern,2341.0,102502,,1.0,Bike,,
2023-09-24 03:38:00,737,46.42708,6.26574,"Gland, Eikenott",Allée du Communet,1196,Gland,True,24,Active,9,Région de Nyon,5792.0,103337,,1.0,Bike,,
2023-09-24 03:38:00,737,46.42708,6.26574,"Gland, Eikenott",Allée du Communet,1196,Gland,True,24,Active,9,Région de Nyon,1322.0,102742,,1.0,Bike,,
2023-09-24 03:38:00,737,46.42708,6.26574,"Gland, Eikenott",Allée du Communet,1196,Gland,True,24,Active,9,Région de Nyon,5215.0,104199,,1.0,Bike,,
2023-09-24 03:38:00,502,46.79435,7.14049,Champriond,Route de la Veveyse 26,1700,Fribourg,True,22,Active,8,Fribourg,5974.0,503937,20.0,2.0,E-Bike,26.0,Sponsor 26
2023-09-24 03:38:00,502,46.79435,7.14049,Champriond,Route de la Veveyse 26,1700,Fribourg,True,22,Active,8,Fribourg,5275.0,502440,36.0,2.0,E-Bike,26.0,Sponsor 26
2023-09-24 03:38:00,502,46.79435,7.14049,Champriond,Route de la Veveyse 26,1700,Fribourg,True,22,Active,8,Fribourg,1927.0,500979,38.0,2.0,E-Bike,26.0,Sponsor 26
2023-09-24 03:38:00,502,46.79435,7.14049,Champriond,Route de la Veveyse 26,1700,Fribourg,True,22,Active,8,Fribourg,5815.0,104472,,1.0,Bike,26.0,Sponsor 26
2023-09-24 03:38:00,502,46.79435,7.14049,Champriond,Route de la Veveyse 26,1700,Fribourg,True,22,Active,8,Fribourg,1858.0,101748,,1.0,Bike,26.0,Sponsor 26
2023-09-24 03:38:00,465,46.94694772769555,7.388948353838325,Fellerstrasse,Fellerstrasse 30,3027,Bern,True,19,Active,5,Bern,6027.0,503835,99.0,2.0,E-Bike,,
2023-09-24 03:38:00,763,46.51649685275541,6.550408183414197,Vallaire,Champs-Courbes,1024,Ecublens,True,14,Active,2,Lausanne-Morges,2076.0,101127,,1.0,Bike,45.0,Sponsor 45
2023-09-24 03:38:00,763,46.51649685275541,6.550408183414197,Vallaire,Champs-Courbes,1024,Ecublens,True,14,Active,2,Lausanne-Morges,6124.0,504322,17.0,2.0,E-Bike,45.0,Sponsor 45
2023-09-24 03:38:00,763,46.51649685275541,6.550408183414197,Vallaire,Champs-Courbes,1024,Ecublens,True,14,Active,2,Lausanne-Morges,446.0,105193,,1.0,Bike,45.0,Sponsor 45
2023-09-24 03:38:00,763,46.51649685275541,6.550408183414197,Vallaire,Champs-Courbes,1024,Ecublens,True,14,Active,2,Lausanne-Morges,2081.0,101120,,1.0,Bike,45.0,Sponsor 45
2023-09-24 03:38:00,763,46.51649685275541,6.550408183414197,Vallaire,Champs-Courbes,1024,Ecublens,True,14,Active,2,Lausanne-Morges,2085.0,104613,,1.0,Bike,45.0,Sponsor 45
2023-09-24 03:38:00,763,46.51649685275541,6.550408183414197,Vallaire,Champs-Courbes,1024,Ecublens,True,14,Active,2,Lausanne-Morges,6068.0,105015,,1.0,Bike,45.0,Sponsor 45
2023-09-24 03:38:00,763,46.51649685275541,6.550408183414197,Vallaire,Champs-Courbes,1024,Ecublens,True,14,Active,2,Lausanne-Morges,3760.0,104461,,1.0,Bike,45.0,Sponsor 45
2023-09-24 03:38:00,763,46.51649685275541,6.550408183414197,Vallaire,Champs-Courbes,1024,Ecublens,True,14,Active,2,Lausanne-Morges,2092.0,101136,,1.0,Bike,45.0,Sponsor 45
2023-09-24 03:38:00,763,46.51649685275541,6.550408183414197,Vallaire,Champs-Courbes,1024,Ecublens,True,14,Active,2,Lausanne-Morges,6036.0,104059,,1.0,Bike,45.0,Sponsor 45
2023-09-24 03:38:00,763,46.51649685275541,6.550408183414197,Vallaire,Champs-Courbes,1024,Ecublens,True,14,Active,2,Lausanne-Morges,440.0,104736,,1.0,Bike,45.0,Sponsor 45
2023-09-24 03:38:00,763,46.51649685275541,6.550408183414197,Vallaire,Champs-Courbes,1024,Ecublens,True,14,Active,2,Lausanne-Morges,4288.0,104242,,1.0,Bike,45.0,Sponsor 45
2023-09-24 03:38:00,763,46.51649685275541,6.550408183414197,Vallaire,Champs-Courbes,1024,Ecublens,True,14,Active,2,Lausanne-Morges,5741.0,504213,,2.0,E-Bike,45.0,Sponsor 45
2023-09-24 03:38:00,763,46.51649685275541,6.550408183414197,Vallaire,Champs-Courbes,1024,Ecublens,True,14,Active,2,Lausanne-Morges,2087.0,104612,,1.0,Bike,45.0,Sponsor 45
2023-09-24 03:38:00,763,46.51649685275541,6.550408183414197,Vallaire,Champs-Courbes,1024,Ecublens,True,14,Active,2,Lausanne-Morges,3836.0,103184,,1.0,Bike,45.0,Sponsor 45
2023-09-24 03:38:00,99,47.37497,8.519782,Kalkbreite,Badenerstrasse 172,8004,Zürich,True,35,Active,6,Zürich,2450.0,101313,,1.0,Bike,,
2023-09-24 03:38:00,99,47.37497,8.519782,Kalkbreite,Badenerstrasse 172,8004,Zürich,True,35,Active,6,Zürich,3654.0,103049,,1.0,Bike,,
2023-09-24 03:38:00,99,47.37497,8.519782,Kalkbreite,Badenerstrasse 172,8004,Zürich,True,35,Active,6,Zürich,3818.0,103222,,1.0,Bike,,
2023-09-24 03:38:00,99,47.37497,8.519782,Kalkbreite,Badenerstrasse 172,8004,Zürich,True,35,Active,6,Zürich,3563.0,504083,52.0,2.0,E-Bike,,
2023-09-24 03:38:00,99,47.37497,8.519782,Kalkbreite,Badenerstrasse 172,8004,Zürich,True,35,Active,6,Zürich,3051.0,102331,,1.0,Bike,,
2023-09-24 03:38:00,673,46.931588810237784,7.485518127326376,Sternen Muri,Thunstrasse 74a,3074,Muri,True,80,Active,5,Bern,3007.0,102413,,1.0,Bike,,
2023-09-24 03:38:00,673,46.931588810237784,7.485518127326376,Sternen Muri,Thunstrasse 74a,3074,Muri,True,80,Active,5,Bern,1139.0,500452,43.0,2.0,E-Bike,,
2023-09-24 03:38:00,673,46.931588810237784,7.485518127326376,Sternen Muri,Thunstrasse 74a,3074,Muri,True,80,Active,5,Bern,1237.0,500495,83.0,2.0,E-Bike,,
2023-09-24 03:38:00,673,46.931588810237784,7.485518127326376,Sternen Muri,Thunstrasse 74a,3074,Muri,True,80,Active,5,Bern,4615.0,503055,21.0,2.0,E-Bike,,
2023-09-24 03:38:00,673,46.931588810237784,7.485518127326376,Sternen Muri,Thunstrasse 74a,3074,Muri,True,80,Active,5,Bern,4551.0,104287,,1.0,Bike,,
2023-09-24 03:38:00,673,46.931588810237784,7.485518127326376,Sternen Muri,Thunstrasse 74a,3074,Muri,True,80,Active,5,Bern,4906.0,500547,36.0,2.0,E-Bike,,
2023-09-24 03:38:00,673,46.931588810237784,7.485518127326376,Sternen Muri,Thunstrasse 74a,3074,Muri,True,80,Active,5,Bern,2119.0,101945,,1.0,Bike,,
2023-09-24 03:38:00,673,46.931588810237784,7.485518127326376,Sternen Muri,Thunstrasse 74a,3074,Muri,True,80,Active,5,Bern,4943.0,502632,11.0,2.0,E-Bike,,
2023-09-24 03:38:00,673,46.931588810237784,7.485518127326376,Sternen Muri,Thunstrasse 74a,3074,Muri,True,80,Active,5,Bern,6179.0,504079,21.0,2.0,E-Bike,,
2023-09-24 03:38:00,673,46.931588810237784,7.485518127326376,Sternen Muri,Thunstrasse 74a,3074,Muri,True,80,Active,5,Bern,960.0,500310,83.0,2.0,E-Bike,,
2023-09-24 03:38:00,673,46.931588810237784,7.485518127326376,Sternen Muri,Thunstrasse 74a,3074,Muri,True,80,Active,5,Bern,4561.0,104090,,1.0,Bike,,
2023-09-24 03:38:00,320,46.94650226646282,7.452796013542816,Mattelift verschoben wegen Baustelle,Badgasse 23,3011,Bern,True,10,Active,5,Bern,1379.0,501970,26.0,2.0,E-Bike,,
2023-09-24 03:38:00,320,46.94650226646282,7.452796013542816,Mattelift verschoben wegen Baustelle,Badgasse 23,3011,Bern,True,10,Active,5,Bern,3610.0,102970,,1.0,Bike,,
2023-09-24 03:38:00,320,46.94650226646282,7.452796013542816,Mattelift verschoben wegen Baustelle,Badgasse 23,3011,Bern,True,10,Active,5,Bern,3714.0,103074,,1.0,Bike,,
2023-09-24 03:38:00,320,46.94650226646282,7.452796013542816,Mattelift verschoben wegen Baustelle,Badgasse 23,3011,Bern,True,10,Active,5,Bern,3013.0,104219,,1.0,Bike,,
2023-09-24 03:38:00,320,46.94650226646282,7.452796013542816,Mattelift verschoben wegen Baustelle,Badgasse 23,3011,Bern,True,10,Active,5,Bern,2259.0,103383,,1.0,Bike,,
2023-09-24 03:38:00,320,46.94650226646282,7.452796013542816,Mattelift verschoben wegen Baustelle,Badgasse 23,3011,Bern,True,10,Active,5,Bern,4540.0,104263,,1.0,Bike,,
2023-09-24 03:38:00,320,46.94650226646282,7.452796013542816,Mattelift verschoben wegen Baustelle,Badgasse 23,3011,Bern,True,10,Active,5,Bern,2247.0,102030,,1.0,Bike,,
2023-09-24 03:38:00,320,46.94650226646282,7.452796013542816,Mattelift verschoben wegen Baustelle,Badgasse 23,3011,Bern,True,10,Active,5,Bern,1058.0,102299,,1.0,Bike,,
2023-09-24 03:38:00,320,46.94650226646282,7.452796013542816,Mattelift verschoben wegen Baustelle,Badgasse 23,3011,Bern,True,10,Active,5,Bern,3213.0,102851,,1.0,Bike,,
2023-09-24 03:38:00,320,46.94650226646282,7.452796013542816,Mattelift verschoben wegen Baustelle,Badgasse 23,3011,Bern,True,10,Active,5,Bern,1217.0,101300,,1.0,Bike,,
2023-09-24 03:38:00,320,46.94650226646282,7.452796013542816,Mattelift verschoben wegen Baustelle,Badgasse 23,3011,Bern,True,10,Active,5,Bern,2560.0,102415,,1.0,Bike,,
2023-09-24 03:38:00,320,46.94650226646282,7.452796013542816,Mattelift verschoben wegen Baustelle,Badgasse 23,3011,Bern,True,10,Active,5,Bern,2740.0,102307,,1.0,Bike,,
2023-09-24 03:38:00,320,46.94650226646282,7.452796013542816,Mattelift verschoben wegen Baustelle,Badgasse 23,3011,Bern,True,10,Active,5,Bern,4552.0,101521,,1.0,Bike,,
2023-09-24 03:38:00,320,46.94650226646282,7.452796013542816,Mattelift verschoben wegen Baustelle,Badgasse 23,3011,Bern,True,10,Active,5,Bern,2109.0,101346,,1.0,Bike,,
2023-09-24 03:38:00,320,46.94650226646282,7.452796013542816,Mattelift verschoben wegen Baustelle,Badgasse 23,3011,Bern,True,10,Active,5,Bern,2122.0,101955,,1.0,Bike,,
2023-09-24 03:38:00,320,46.94650226646282,7.452796013542816,Mattelift verschoben wegen Baustelle,Badgasse 23,3011,Bern,True,10,Active,5,Bern,2340.0,102517,,1.0,Bike,,
2023-09-24 03:38:00,610,46.42329,6.27557,"Gland, Montoly",Chemin de Montoly 1,1196,Gland,True,24,Active,9,Région de Nyon,28.0,100385,16.0,2.0,E-Bike,,
2023-09-24 03:38:00,610,46.42329,6.27557,"Gland, Montoly",Chemin de Montoly 1,1196,Gland,True,24,Active,9,Région de Nyon,5790.0,103340,,1.0,Bike,,
2023-09-24 03:38:00,610,46.42329,6.27557,"Gland, Montoly",Chemin de Montoly 1,1196,Gland,True,24,Active,9,Région de Nyon,4239.0,501508,85.0,2.0,E-Bike,,
2023-09-24 03:38:00,610,46.42329,6.27557,"Gland, Montoly",Chemin de Montoly 1,1196,Gland,True,24,Active,9,Région de Nyon,5854.0,504138,,2.0,E-Bike,,
2023-09-24 03:38:00,610,46.42329,6.27557,"Gland, Montoly",Chemin de Montoly 1,1196,Gland,True,24,Active,9,Région de Nyon,1335.0,101094,,1.0,Bike,,
2023-09-24 03:38:00,610,46.42329,6.27557,"Gland, Montoly",Chemin de Montoly 1,1196,Gland,True,24,Active,9,Région de Nyon,5780.0,103336,,1.0,Bike,,
2023-09-24 03:38:00,610,46.42329,6.27557,"Gland, Montoly",Chemin de Montoly 1,1196,Gland,True,24,Active,9,Région de Nyon,5856.0,504136,39.0,2.0,E-Bike,,
2023-09-24 03:38:00,752,46.027895,8.954881,Porza Sant'Elena,Via Cantonale,6948,Porza,True,22,Active,3,Sottoceneri (TI),5534.0,503636,86.0,2.0,E-Bike,,
2023-09-24 03:38:00,752,46.027895,8.954881,Porza Sant'Elena,Via Cantonale,6948,Porza,True,22,Active,3,Sottoceneri (TI),5526.0,503631,58.0,2.0,E-Bike,,
2023-09-24 03:38:00,507,46.804568,7.155553,Place Georges Python,Square des Places 1,1700,Fribourg,True,21,Active,8,Fribourg,5890.0,503848,50.0,2.0,E-Bike,26.0,Sponsor 26
2023-09-24 03:38:00,507,46.804568,7.155553,Place Georges Python,Square des Places 1,1700,Fribourg,True,21,Active,8,Fribourg,4284.0,101902,,1.0,Bike,26.0,Sponsor 26
2023-09-24 03:38:00,507,46.804568,7.155553,Place Georges Python,Square des Places 1,1700,Fribourg,True,21,Active,8,Fribourg,5324.0,103831,,1.0,Bike,26.0,Sponsor 26
2023-09-24 03:38:00,507,46.804568,7.155553,Place Georges Python,Square des Places 1,1700,Fribourg,True,21,Active,8,Fribourg,5813.0,104471,,1.0,Bike,26.0,Sponsor 26
2023-09-24 03:38:00,507,46.804568,7.155553,Place Georges Python,Square des Places 1,1700,Fribourg,True,21,Active,8,Fribourg,5692.0,104010,,1.0,Bike,26.0,Sponsor 26
2023-09-24 03:38:00,507,46.804568,7.155553,Place Georges Python,Square des Places 1,1700,Fribourg,True,21,Active,8,Fribourg,5816.0,104474,,1.0,Bike,26.0,Sponsor 26
2023-09-24 03:38:00,837,46.387342,6.227582,"Nyon, La Levratte",Av. Alfred Cortot,1260,Nyon,True,22,Active,9,Région de Nyon,1356.0,100448,,2.0,E-Bike,,
2023-09-24 03:38:00,837,46.387342,6.227582,"Nyon, La Levratte",Av. Alfred Cortot,1260,Nyon,True,22,Active,9,Région de Nyon,5199.0,502918,40.0,2.0,E-Bike,,
2023-09-24 03:38:00,837,46.387342,6.227582,"Nyon, La Levratte",Av. Alfred Cortot,1260,Nyon,True,22,Active,9,Région de Nyon,1702.0,501211,,2.0,E-Bike,,
2023-09-24 03:38:00,837,46.387342,6.227582,"Nyon, La Levratte",Av. Alfred Cortot,1260,Nyon,True,22,Active,9,Région de Nyon,1721.0,501706,46.0,2.0,E-Bike,,
2023-09-24 03:38:00,837,46.387342,6.227582,"Nyon, La Levratte",Av. Alfred Cortot,1260,Nyon,True,22,Active,9,Région de Nyon,1349.0,101104,,1.0,Bike,,
2023-09-24 03:38:00,837,46.387342,6.227582,"Nyon, La Levratte",Av. Alfred Cortot,1260,Nyon,True,22,Active,9,Région de Nyon,1954.0,500992,15.0,2.0,E-Bike,,
2023-09-24 03:38:00,555,46.946839,7.4556,Mühlenplatz,Schifflaube 1,3011,Bern,True,32,Active,5,Bern,2271.0,102051,,1.0,Bike,,
2023-09-24 03:38:00,555,46.946839,7.4556,Mühlenplatz,Schifflaube 1,3011,Bern,True,32,Active,5,Bern,1047.0,800017,,1.0,Bike,,
2023-09-24 03:38:00,555,46.946839,7.4556,Mühlenplatz,Schifflaube 1,3011,Bern,True,32,Active,5,Bern,3173.0,102191,,1.0,Bike,,
2023-09-24 03:38:00,555,46.946839,7.4556,Mühlenplatz,Schifflaube 1,3011,Bern,True,32,Active,5,Bern,1146.0,501459,45.0,2.0,E-Bike,,
2023-09-24 03:38:00,555,46.946839,7.4556,Mühlenplatz,Schifflaube 1,3011,Bern,True,32,Active,5,Bern,2994.0,103403,,1.0,Bike,,
2023-09-24 03:38:00,555,46.946839,7.4556,Mühlenplatz,Schifflaube 1,3011,Bern,True,32,Active,5,Bern,2549.0,102421,,1.0,Bike,,
2023-09-24 03:38:00,555,46.946839,7.4556,Mühlenplatz,Schifflaube 1,3011,Bern,True,32,Active,5,Bern,1506.0,102286,,1.0,Bike,,
2023-09-24 03:38:00,555,46.946839,7.4556,Mühlenplatz,Schifflaube 1,3011,Bern,True,32,Active,5,Bern,2703.0,102116,,1.0,Bike,,
2023-09-24 03:38:00,555,46.946839,7.4556,Mühlenplatz,Schifflaube 1,3011,Bern,True,32,Active,5,Bern,2957.0,102166,,1.0,Bike,,
2023-09-24 03:38:00,555,46.946839,7.4556,Mühlenplatz,Schifflaube 1,3011,Bern,True,32,Active,5,Bern,3005.0,102111,,1.0,Bike,,
2023-09-24 03:38:00,555,46.946839,7.4556,Mühlenplatz,Schifflaube 1,3011,Bern,True,32,Active,5,Bern,1067.0,101495,,1.0,Bike,,
2023-09-24 03:38:00,555,46.946839,7.4556,Mühlenplatz,Schifflaube 1,3011,Bern,True,32,Active,5,Bern,2742.0,102135,,1.0,Bike,,
2023-09-24 03:38:00,555,46.946839,7.4556,Mühlenplatz,Schifflaube 1,3011,Bern,True,32,Active,5,Bern,2724.0,102303,,1.0,Bike,,
2023-09-24 03:38:00,555,46.946839,7.4556,Mühlenplatz,Schifflaube 1,3011,Bern,True,32,Active,5,Bern,2745.0,102089,,1.0,Bike,,
2023-09-24 03:38:00,555,46.946839,7.4556,Mühlenplatz,Schifflaube 1,3011,Bern,True,32,Active,5,Bern,2334.0,103377,,1.0,Bike,,
2023-09-24 03:38:00,193,46.9552642,7.4593279,Kasernenstrasse HKB,Kasernenstrasse 13k,3014,Bern,True,10,Active,5,Bern,3438.0,502261,33.0,2.0,E-Bike,,
2023-09-24 03:38:00,193,46.9552642,7.4593279,Kasernenstrasse HKB,Kasernenstrasse 13k,3014,Bern,True,10,Active,5,Bern,1121.0,101369,,1.0,Bike,,
2023-09-24 03:38:00,193,46.9552642,7.4593279,Kasernenstrasse HKB,Kasernenstrasse 13k,3014,Bern,True,10,Active,5,Bern,2356.0,102494,,1.0,Bike,,
2023-09-24 03:38:00,193,46.9552642,7.4593279,Kasernenstrasse HKB,Kasernenstrasse 13k,3014,Bern,True,10,Active,5,Bern,2257.0,101828,,1.0,Bike,,
2023-09-24 03:38:00,193,46.9552642,7.4593279,Kasernenstrasse HKB,Kasernenstrasse 13k,3014,Bern,True,10,Active,5,Bern,2173.0,103373,,1.0,Bike,,
2023-09-24 03:38:00,193,46.9552642,7.4593279,Kasernenstrasse HKB,Kasernenstrasse 13k,3014,Bern,True,10,Active,5,Bern,2966.0,103385,,1.0,Bike,,
2023-09-24 03:38:00,193,46.9552642,7.4593279,Kasernenstrasse HKB,Kasernenstrasse 13k,3014,Bern,True,10,Active,5,Bern,1224.0,104170,,1.0,Bike,,
2023-09-24 03:38:00,193,46.9552642,7.4593279,Kasernenstrasse HKB,Kasernenstrasse 13k,3014,Bern,True,10,Active,5,Bern,3890.0,104602,,1.0,Bike,,
2023-09-24 03:38:00,193,46.9552642,7.4593279,Kasernenstrasse HKB,Kasernenstrasse 13k,3014,Bern,True,10,Active,5,Bern,2780.0,501361,27.0,2.0,E-Bike,,
2023-09-24 03:38:00,193,46.9552642,7.4593279,Kasernenstrasse HKB,Kasernenstrasse 13k,3014,Bern,True,10,Active,5,Bern,2708.0,102650,,1.0,Bike,,
2023-09-24 03:38:00,193,46.9552642,7.4593279,Kasernenstrasse HKB,Kasernenstrasse 13k,3014,Bern,True,10,Active,5,Bern,2593.0,103397,,1.0,Bike,,
2023-09-24 03:38:00,193,46.9552642,7.4593279,Kasernenstrasse HKB,Kasernenstrasse 13k,3014,Bern,True,10,Active,5,Bern,2542.0,101835,,1.0,Bike,,
2023-09-24 03:38:00,193,46.9552642,7.4593279,Kasernenstrasse HKB,Kasernenstrasse 13k,3014,Bern,True,10,Active,5,Bern,3008.0,102124,,1.0,Bike,,
2023-09-24 03:38:00,193,46.9552642,7.4593279,Kasernenstrasse HKB,Kasernenstrasse 13k,3014,Bern,True,10,Active,5,Bern,3221.0,102800,,1.0,Bike,,
2023-09-24 03:38:00,193,46.9552642,7.4593279,Kasernenstrasse HKB,Kasernenstrasse 13k,3014,Bern,True,10,Active,5,Bern,2156.0,102003,,1.0,Bike,,
2023-09-24 03:38:00,193,46.9552642,7.4593279,Kasernenstrasse HKB,Kasernenstrasse 13k,3014,Bern,True,10,Active,5,Bern,3588.0,103010,,1.0,Bike,,
2023-09-24 03:38:00,193,46.9552642,7.4593279,Kasernenstrasse HKB,Kasernenstrasse 13k,3014,Bern,True,10,Active,5,Bern,2707.0,102646,,1.0,Bike,,
2023-09-24 03:38:00,468,46.94730845562206,7.393210711796317,Waldmannstrasse,Waldmannstrasse 5,3027,Bern,True,29,Active,5,Bern,2375.0,502579,32.0,2.0,E-Bike,,
2023-09-24 03:38:00,468,46.94730845562206,7.393210711796317,Waldmannstrasse,Waldmannstrasse 5,3027,Bern,True,29,Active,5,Bern,5093.0,500060,65.0,2.0,E-Bike,,
2023-09-24 03:38:00,716,45.86687922879933,8.983606564693778,Mendrisio Ospedale,Via Alfonso Turconi 25,6850,Mendrisio,True,18,Active (empty),3,Sottoceneri (TI),,,,,,,
2023-09-24 03:38:00,362,47.37271,8.530437,Stauffachertor,Werdstrasse 25,8004,Zürich,True,19,Active,6,Zürich,4625.0,503112,11.0,2.0,E-Bike,,
2023-09-24 03:38:00,362,47.37271,8.530437,Stauffachertor,Werdstrasse 25,8004,Zürich,True,19,Active,6,Zürich,1828.0,102392,,1.0,Bike,,
2023-09-24 03:38:00,362,47.37271,8.530437,Stauffachertor,Werdstrasse 25,8004,Zürich,True,19,Active,6,Zürich,628.0,101467,,1.0,Bike,,
2023-09-24 03:38:00,362,47.37271,8.530437,Stauffachertor,Werdstrasse 25,8004,Zürich,True,19,Active,6,Zürich,3033.0,102343,,1.0,Bike,,
2023-09-24 03:38:00,362,47.37271,8.530437,Stauffachertor,Werdstrasse 25,8004,Zürich,True,19,Active,6,Zürich,927.0,500062,11.0,2.0,E-Bike,,
2023-09-24 03:38:00,362,47.37271,8.530437,Stauffachertor,Werdstrasse 25,8004,Zürich,True,19,Active,6,Zürich,3751.0,104741,,1.0,Bike,,
2023-09-24 03:38:00,362,47.37271,8.530437,Stauffachertor,Werdstrasse 25,8004,Zürich,True,19,Active,6,Zürich,2685.0,501024,19.0,2.0,E-Bike,,
2023-09-24 03:38:00,583,45.97765,8.926757,IBSA,Via del Piano 7,6926,Collina,True,80,Active (empty),3,Sottoceneri (TI),,,,,,,
2023-09-24 03:38:00,835,46.95884778357857,7.429204058387358,Gymnasium Neufeld,Bremgartenstrasse 133,3012,Bern,True,80,Active,5,Bern,3337.0,503496,91.0,2.0,E-Bike,,
2023-09-24 03:38:00,835,46.95884778357857,7.429204058387358,Gymnasium Neufeld,Bremgartenstrasse 133,3012,Bern,True,80,Active,5,Bern,2494.0,501606,75.0,2.0,E-Bike,,
2023-09-24 03:38:00,835,46.95884778357857,7.429204058387358,Gymnasium Neufeld,Bremgartenstrasse 133,3012,Bern,True,80,Active,5,Bern,1971.0,501862,62.0,2.0,E-Bike,,
2023-09-24 03:38:00,745,45.844602,9.030907,Scuole Via Franscini,Via Stefano Franscini,6833,Vacallo,True,22,Active,3,Sottoceneri (TI),5518.0,503643,71.0,2.0,E-Bike,,
2023-09-24 03:38:00,745,45.844602,9.030907,Scuole Via Franscini,Via Stefano Franscini,6833,Vacallo,True,22,Active,3,Sottoceneri (TI),5605.0,104797,,1.0,Bike,,
2023-09-24 03:38:00,745,45.844602,9.030907,Scuole Via Franscini,Via Stefano Franscini,6833,Vacallo,True,22,Active,3,Sottoceneri (TI),4213.0,501514,93.0,2.0,E-Bike,,
2023-09-24 03:38:00,745,45.844602,9.030907,Scuole Via Franscini,Via Stefano Franscini,6833,Vacallo,True,22,Active,3,Sottoceneri (TI),5123.0,104038,,1.0,Bike,,
2023-09-24 03:38:00,328,46.9417265,7.3930062,Bümpliz Post,Keltenstrasse 106,3018,Bern,True,10,Active,5,Bern,3807.0,103191,,1.0,Bike,,
2023-09-24 03:38:00,328,46.9417265,7.3930062,Bümpliz Post,Keltenstrasse 106,3018,Bern,True,10,Active,5,Bern,2517.0,501611,61.0,2.0,E-Bike,,
2023-09-24 03:38:00,328,46.9417265,7.3930062,Bümpliz Post,Keltenstrasse 106,3018,Bern,True,10,Active,5,Bern,2990.0,102317,,1.0,Bike,,
2023-09-24 03:38:00,328,46.9417265,7.3930062,Bümpliz Post,Keltenstrasse 106,3018,Bern,True,10,Active,5,Bern,2355.0,102505,,1.0,Bike,,
2023-09-24 03:38:00,387,47.411057,8.543768,Bahnhof Oerlikon Süd,Hofwiesenstrasse 369,8050,Zürich,True,14,Active,6,Zürich,1831.0,101331,,1.0,Bike,,
2023-09-24 03:38:00,387,47.411057,8.543768,Bahnhof Oerlikon Süd,Hofwiesenstrasse 369,8050,Zürich,True,14,Active,6,Zürich,3771.0,103127,,1.0,Bike,,
2023-09-24 03:38:00,387,47.411057,8.543768,Bahnhof Oerlikon Süd,Hofwiesenstrasse 369,8050,Zürich,True,14,Active,6,Zürich,664.0,101453,,1.0,Bike,,
2023-09-24 03:38:00,387,47.411057,8.543768,Bahnhof Oerlikon Süd,Hofwiesenstrasse 369,8050,Zürich,True,14,Active,6,Zürich,2198.0,104482,,1.0,Bike,,
2023-09-24 03:38:00,211,46.383066,6.225766,"Nyon, Hôpital",Chemin de Monastier,1260,Nyon,True,38,Active,9,Région de Nyon,2233.0,501334,27.0,2.0,E-Bike,,
2023-09-24 03:38:00,211,46.383066,6.225766,"Nyon, Hôpital",Chemin de Monastier,1260,Nyon,True,38,Active,9,Région de Nyon,5723.0,503795,,2.0,E-Bike,,
2023-09-24 03:38:00,211,46.383066,6.225766,"Nyon, Hôpital",Chemin de Monastier,1260,Nyon,True,38,Active,9,Région de Nyon,5192.0,502913,25.0,2.0,E-Bike,,
2023-09-24 03:38:00,211,46.383066,6.225766,"Nyon, Hôpital",Chemin de Monastier,1260,Nyon,True,38,Active,9,Région de Nyon,5871.0,504142,,2.0,E-Bike,,
2023-09-24 03:38:00,211,46.383066,6.225766,"Nyon, Hôpital",Chemin de Monastier,1260,Nyon,True,38,Active,9,Région de Nyon,5852.0,504134,25.0,2.0,E-Bike,,
2023-09-24 03:38:00,211,46.383066,6.225766,"Nyon, Hôpital",Chemin de Monastier,1260,Nyon,True,38,Active,9,Région de Nyon,1302.0,101078,,1.0,Bike,,
2023-09-24 03:38:00,688,45.86552127511925,8.977682352126578,Mendrisio Mercato Coperto,Via Campo Sportivo,6850,Mendrisio,True,21,Active,3,Sottoceneri (TI),276.0,100222,,1.0,Bike,,
2023-09-24 03:38:00,688,45.86552127511925,8.977682352126578,Mendrisio Mercato Coperto,Via Campo Sportivo,6850,Mendrisio,True,21,Active,3,Sottoceneri (TI),5501.0,104575,,1.0,Bike,,
2023-09-24 03:38:00,688,45.86552127511925,8.977682352126578,Mendrisio Mercato Coperto,Via Campo Sportivo,6850,Mendrisio,True,21,Active,3,Sottoceneri (TI),189.0,100067,,1.0,Bike,,
2023-09-24 03:38:00,688,45.86552127511925,8.977682352126578,Mendrisio Mercato Coperto,Via Campo Sportivo,6850,Mendrisio,True,21,Active,3,Sottoceneri (TI),1750.0,101746,,1.0,Bike,,
2023-09-24 03:38:00,688,45.86552127511925,8.977682352126578,Mendrisio Mercato Coperto,Via Campo Sportivo,6850,Mendrisio,True,21,Active,3,Sottoceneri (TI),5601.0,104795,,1.0,Bike,,
2023-09-24 03:38:00,688,45.86552127511925,8.977682352126578,Mendrisio Mercato Coperto,Via Campo Sportivo,6850,Mendrisio,True,21,Active,3,Sottoceneri (TI),5127.0,104007,,1.0,Bike,,
2023-09-24 03:38:00,112,47.388151,8.520449,Steinfelsareal,Josefstrasse 224,8005,Zürich,True,13,Active,6,Zürich,3671.0,103047,,1.0,Bike,,
2023-09-24 03:38:00,112,47.388151,8.520449,Steinfelsareal,Josefstrasse 224,8005,Zürich,True,13,Active,6,Zürich,3046.0,102721,,1.0,Bike,,
2023-09-24 03:38:00,112,47.388151,8.520449,Steinfelsareal,Josefstrasse 224,8005,Zürich,True,13,Active,6,Zürich,3689.0,103076,,1.0,Bike,,
2023-09-24 03:38:00,112,47.388151,8.520449,Steinfelsareal,Josefstrasse 224,8005,Zürich,True,13,Active,6,Zürich,2670.0,501042,14.0,2.0,E-Bike,,
2023-09-24 03:38:00,112,47.388151,8.520449,Steinfelsareal,Josefstrasse 224,8005,Zürich,True,13,Active,6,Zürich,3041.0,102329,,1.0,Bike,,
2023-09-24 03:38:00,863,46.038841,8.946213,Cureglia,Incrocio Via San Giuseppe / Via Cantonale,6944,Cureglia,True,80,Active,3,Sottoceneri (TI),5645.0,105205,,1.0,Bike,,
2023-09-24 03:38:00,863,46.038841,8.946213,Cureglia,Incrocio Via San Giuseppe / Via Cantonale,6944,Cureglia,True,80,Active,3,Sottoceneri (TI),4135.0,502197,91.0,2.0,E-Bike,,
2023-09-24 03:38:00,863,46.038841,8.946213,Cureglia,Incrocio Via San Giuseppe / Via Cantonale,6944,Cureglia,True,80,Active,3,Sottoceneri (TI),159.0,100189,,1.0,Bike,,
2023-09-24 03:38:00,863,46.038841,8.946213,Cureglia,Incrocio Via San Giuseppe / Via Cantonale,6944,Cureglia,True,80,Active,3,Sottoceneri (TI),5129.0,104028,,1.0,Bike,,
2023-09-24 03:38:00,817,46.51673942261787,6.566454652605652,Starling Esplanade,Route Cantonal 31,1025,Saint-Sulpice,True,8,Active,2,Lausanne-Morges,34.0,100395,89.0,2.0,E-Bike,,
2023-09-24 03:38:00,817,46.51673942261787,6.566454652605652,Starling Esplanade,Route Cantonal 31,1025,Saint-Sulpice,True,8,Active,2,Lausanne-Morges,2235.0,500954,,2.0,E-Bike,,
2023-09-24 03:38:00,817,46.51673942261787,6.566454652605652,Starling Esplanade,Route Cantonal 31,1025,Saint-Sulpice,True,8,Active,2,Lausanne-Morges,2226.0,101869,,1.0,Bike,,
2023-09-24 03:38:00,817,46.51673942261787,6.566454652605652,Starling Esplanade,Route Cantonal 31,1025,Saint-Sulpice,True,8,Active,2,Lausanne-Morges,90.0,100119,,1.0,Bike,,
2023-09-24 03:38:00,817,46.51673942261787,6.566454652605652,Starling Esplanade,Route Cantonal 31,1025,Saint-Sulpice,True,8,Active,2,Lausanne-Morges,346.0,100322,70.0,2.0,E-Bike,,
2023-09-24 03:38:00,817,46.51673942261787,6.566454652605652,Starling Esplanade,Route Cantonal 31,1025,Saint-Sulpice,True,8,Active,2,Lausanne-Morges,6135.0,504328,50.0,2.0,E-Bike,,
2023-09-24 03:38:00,817,46.51673942261787,6.566454652605652,Starling Esplanade,Route Cantonal 31,1025,Saint-Sulpice,True,8,Active,2,Lausanne-Morges,6082.0,105011,,1.0,Bike,,
2023-09-24 03:38:00,817,46.51673942261787,6.566454652605652,Starling Esplanade,Route Cantonal 31,1025,Saint-Sulpice,True,8,Active,2,Lausanne-Morges,48.0,503621,22.0,2.0,E-Bike,,
2023-09-24 03:38:00,817,46.51673942261787,6.566454652605652,Starling Esplanade,Route Cantonal 31,1025,Saint-Sulpice,True,8,Active,2,Lausanne-Morges,5895.0,503759,33.0,2.0,E-Bike,,
2023-09-24 03:38:00,477,46.9616862,7.4396136,Innere Enge,Engestrasse 54a,3012,Bern,True,32,Active,5,Bern,4932.0,502989,33.0,2.0,E-Bike,,
2023-09-24 03:38:00,477,46.9616862,7.4396136,Innere Enge,Engestrasse 54a,3012,Bern,True,32,Active,5,Bern,2744.0,102420,,1.0,Bike,,
2023-09-24 03:38:00,477,46.9616862,7.4396136,Innere Enge,Engestrasse 54a,3012,Bern,True,32,Active,5,Bern,3319.0,502636,46.0,2.0,E-Bike,,
2023-09-24 03:38:00,477,46.9616862,7.4396136,Innere Enge,Engestrasse 54a,3012,Bern,True,32,Active,5,Bern,1235.0,102384,,1.0,Bike,,
2023-09-24 03:38:00,477,46.9616862,7.4396136,Innere Enge,Engestrasse 54a,3012,Bern,True,32,Active,5,Bern,2102.0,104172,,1.0,Bike,,
2023-09-24 03:38:00,477,46.9616862,7.4396136,Innere Enge,Engestrasse 54a,3012,Bern,True,32,Active,5,Bern,2019.0,501917,93.0,2.0,E-Bike,,
2023-09-24 03:38:00,477,46.9616862,7.4396136,Innere Enge,Engestrasse 54a,3012,Bern,True,32,Active,5,Bern,2587.0,502610,65.0,2.0,E-Bike,,
2023-09-24 03:38:00,749,46.01839064983639,8.952667134728758,Ospedale Civico,Via Tesserete 46,6900,Lugano,True,80,Active,3,Sottoceneri (TI),4112.0,502193,94.0,2.0,E-Bike,,
2023-09-24 03:38:00,749,46.01839064983639,8.952667134728758,Ospedale Civico,Via Tesserete 46,6900,Lugano,True,80,Active,3,Sottoceneri (TI),1778.0,501315,61.0,2.0,E-Bike,,
2023-09-24 03:38:00,749,46.01839064983639,8.952667134728758,Ospedale Civico,Via Tesserete 46,6900,Lugano,True,80,Active,3,Sottoceneri (TI),4208.0,501516,94.0,2.0,E-Bike,,
2023-09-24 03:38:00,232,46.9441328,7.449692,Helvetiaplatz,Helvetiaplatz 1,3005,Bern,True,10,Active,5,Bern,2140.0,101949,,1.0,Bike,,
2023-09-24 03:38:00,232,46.9441328,7.449692,Helvetiaplatz,Helvetiaplatz 1,3005,Bern,True,10,Active,5,Bern,3777.0,103169,,1.0,Bike,,
2023-09-24 03:38:00,232,46.9441328,7.449692,Helvetiaplatz,Helvetiaplatz 1,3005,Bern,True,10,Active,5,Bern,3006.0,102179,,1.0,Bike,,
2023-09-24 03:38:00,232,46.9441328,7.449692,Helvetiaplatz,Helvetiaplatz 1,3005,Bern,True,10,Active,5,Bern,1127.0,101315,,1.0,Bike,,
2023-09-24 03:38:00,232,46.9441328,7.449692,Helvetiaplatz,Helvetiaplatz 1,3005,Bern,True,10,Active,5,Bern,3987.0,103311,,1.0,Bike,,
2023-09-24 03:38:00,232,46.9441328,7.449692,Helvetiaplatz,Helvetiaplatz 1,3005,Bern,True,10,Active,5,Bern,1480.0,101597,,1.0,Bike,,
2023-09-24 03:38:00,36,46.51856,6.50736,Gracieuse,Avenue de Lonay,1110,Morges,True,11,Active,2,Lausanne-Morges,5760.0,503761,83.0,2.0,E-Bike,9.0,Sponsor 09
2023-09-24 03:38:00,36,46.51856,6.50736,Gracieuse,Avenue de Lonay,1110,Morges,True,11,Active,2,Lausanne-Morges,429.0,101020,,1.0,Bike,9.0,Sponsor 09
2023-09-24 03:38:00,36,46.51856,6.50736,Gracieuse,Avenue de Lonay,1110,Morges,True,11,Active,2,Lausanne-Morges,395.0,100294,,2.0,E-Bike,9.0,Sponsor 09
2023-09-24 03:38:00,36,46.51856,6.50736,Gracieuse,Avenue de Lonay,1110,Morges,True,11,Active,2,Lausanne-Morges,5969.0,503943,85.0,2.0,E-Bike,9.0,Sponsor 09
2023-09-24 03:38:00,748,45.93279809534134,8.973029363002908,Maroggia Stazione,Viale Stazione,6817,Maroggia,True,18,Active,3,Sottoceneri (TI),5151.0,104031,,1.0,Bike,,
2023-09-24 03:38:00,748,45.93279809534134,8.973029363002908,Maroggia Stazione,Viale Stazione,6817,Maroggia,True,18,Active,3,Sottoceneri (TI),5009.0,502824,28.0,2.0,E-Bike,,
2023-09-24 03:38:00,748,45.93279809534134,8.973029363002908,Maroggia Stazione,Viale Stazione,6817,Maroggia,True,18,Active,3,Sottoceneri (TI),5424.0,104519,,1.0,Bike,,
2023-09-24 03:38:00,414,46.926197,7.417231,Brühlplatz,Schwarzenburgstrasse 236,3098,Köniz,True,37,Active,5,Bern,6014.0,503894,11.0,2.0,E-Bike,,
2023-09-24 03:38:00,414,46.926197,7.417231,Brühlplatz,Schwarzenburgstrasse 236,3098,Köniz,True,37,Active,5,Bern,1659.0,501737,92.0,2.0,E-Bike,,
2023-09-24 03:38:00,414,46.926197,7.417231,Brühlplatz,Schwarzenburgstrasse 236,3098,Köniz,True,37,Active,5,Bern,1254.0,501949,19.0,2.0,E-Bike,,
2023-09-24 03:38:00,414,46.926197,7.417231,Brühlplatz,Schwarzenburgstrasse 236,3098,Köniz,True,37,Active,5,Bern,3226.0,102849,,1.0,Bike,,
2023-09-24 03:38:00,414,46.926197,7.417231,Brühlplatz,Schwarzenburgstrasse 236,3098,Köniz,True,37,Active,5,Bern,3318.0,501222,61.0,2.0,E-Bike,,
2023-09-24 03:38:00,414,46.926197,7.417231,Brühlplatz,Schwarzenburgstrasse 236,3098,Köniz,True,37,Active,5,Bern,1483.0,101612,,1.0,Bike,,
2023-09-24 03:38:00,414,46.926197,7.417231,Brühlplatz,Schwarzenburgstrasse 236,3098,Köniz,True,37,Active,5,Bern,3489.0,502166,93.0,2.0,E-Bike,,
2023-09-24 03:38:00,30,46.511048,6.492569,Moulin,Gare de Morges,1110,Morges,True,26,Active,2,Lausanne-Morges,2068.0,104537,,1.0,Bike,9.0,Sponsor 09
2023-09-24 03:38:00,30,46.511048,6.492569,Moulin,Gare de Morges,1110,Morges,True,26,Active,2,Lausanne-Morges,5992.0,504236,,2.0,E-Bike,9.0,Sponsor 09
2023-09-24 03:38:00,30,46.511048,6.492569,Moulin,Gare de Morges,1110,Morges,True,26,Active,2,Lausanne-Morges,357.0,504206,17.0,2.0,E-Bike,9.0,Sponsor 09
2023-09-24 03:38:00,30,46.511048,6.492569,Moulin,Gare de Morges,1110,Morges,True,26,Active,2,Lausanne-Morges,5963.0,503760,33.0,2.0,E-Bike,9.0,Sponsor 09
2023-09-24 03:38:00,30,46.511048,6.492569,Moulin,Gare de Morges,1110,Morges,True,26,Active,2,Lausanne-Morges,379.0,100232,27.0,2.0,E-Bike,9.0,Sponsor 09
2023-09-24 03:38:00,30,46.511048,6.492569,Moulin,Gare de Morges,1110,Morges,True,26,Active,2,Lausanne-Morges,365.0,503515,45.0,2.0,E-Bike,9.0,Sponsor 09
2023-09-24 03:38:00,30,46.511048,6.492569,Moulin,Gare de Morges,1110,Morges,True,26,Active,2,Lausanne-Morges,5930.0,502450,,2.0,E-Bike,9.0,Sponsor 09
2023-09-24 03:38:00,30,46.511048,6.492569,Moulin,Gare de Morges,1110,Morges,True,26,Active,2,Lausanne-Morges,6150.0,504153,92.0,2.0,E-Bike,9.0,Sponsor 09
2023-09-24 03:38:00,30,46.511048,6.492569,Moulin,Gare de Morges,1110,Morges,True,26,Active,2,Lausanne-Morges,5896.0,504207,39.0,2.0,E-Bike,9.0,Sponsor 09
2023-09-24 03:38:00,599,46.33296,6.19293,"Founex, village",Grand-Rue 29,1297,Founex,True,24,Active,9,Région de Nyon,253.0,100160,,1.0,Bike,,
2023-09-24 03:38:00,599,46.33296,6.19293,"Founex, village",Grand-Rue 29,1297,Founex,True,24,Active,9,Région de Nyon,5237.0,502934,15.0,2.0,E-Bike,,
2023-09-24 03:38:00,599,46.33296,6.19293,"Founex, village",Grand-Rue 29,1297,Founex,True,24,Active,9,Région de Nyon,198.0,100277,,2.0,E-Bike,,
2023-09-24 03:38:00,599,46.33296,6.19293,"Founex, village",Grand-Rue 29,1297,Founex,True,24,Active,9,Région de Nyon,1692.0,101708,,1.0,Bike,,
2023-09-24 03:38:00,599,46.33296,6.19293,"Founex, village",Grand-Rue 29,1297,Founex,True,24,Active,9,Région de Nyon,4230.0,101883,,1.0,Bike,,
2023-09-24 03:38:00,599,46.33296,6.19293,"Founex, village",Grand-Rue 29,1297,Founex,True,24,Active,9,Région de Nyon,5705.0,503790,29.0,2.0,E-Bike,,
2023-09-24 03:38:00,599,46.33296,6.19293,"Founex, village",Grand-Rue 29,1297,Founex,True,24,Active,9,Région de Nyon,1317.0,100473,55.0,2.0,E-Bike,,
2023-09-24 03:38:00,599,46.33296,6.19293,"Founex, village",Grand-Rue 29,1297,Founex,True,24,Active,9,Région de Nyon,5673.0,503618,23.0,2.0,E-Bike,,
2023-09-24 03:38:00,599,46.33296,6.19293,"Founex, village",Grand-Rue 29,1297,Founex,True,24,Active,9,Région de Nyon,1701.0,101697,,1.0,Bike,,
2023-09-24 03:38:00,599,46.33296,6.19293,"Founex, village",Grand-Rue 29,1297,Founex,True,24,Active,9,Région de Nyon,6152.0,105021,,1.0,Bike,,
2023-09-24 03:38:00,599,46.33296,6.19293,"Founex, village",Grand-Rue 29,1297,Founex,True,24,Active,9,Région de Nyon,1685.0,101704,,1.0,Bike,,
2023-09-24 03:38:00,599,46.33296,6.19293,"Founex, village",Grand-Rue 29,1297,Founex,True,24,Active,9,Région de Nyon,1691.0,501691,,2.0,E-Bike,,
2023-09-24 03:38:00,220,46.9559178,7.4467885,Dammweg TX Group AG,Dammweg 9,3013,Bern,True,10,Active,5,Bern,2996.0,102318,,1.0,Bike,40.0,Sponsor 40
2023-09-24 03:38:00,220,46.9559178,7.4467885,Dammweg TX Group AG,Dammweg 9,3013,Bern,True,10,Active,5,Bern,3215.0,102746,,1.0,Bike,40.0,Sponsor 40
2023-09-24 03:38:00,220,46.9559178,7.4467885,Dammweg TX Group AG,Dammweg 9,3013,Bern,True,10,Active,5,Bern,1205.0,101531,,1.0,Bike,40.0,Sponsor 40
2023-09-24 03:38:00,151,47.387685,8.486284,Lindenplatz,Lindenplatz 1,8048,Zürich,True,32,Active,6,Zürich,1601.0,501847,85.0,2.0,E-Bike,,
2023-09-24 03:38:00,151,47.387685,8.486284,Lindenplatz,Lindenplatz 1,8048,Zürich,True,32,Active,6,Zürich,3523.0,500831,72.0,2.0,E-Bike,,
2023-09-24 03:38:00,151,47.387685,8.486284,Lindenplatz,Lindenplatz 1,8048,Zürich,True,32,Active,6,Zürich,4820.0,500526,83.0,2.0,E-Bike,,
2023-09-24 03:38:00,151,47.387685,8.486284,Lindenplatz,Lindenplatz 1,8048,Zürich,True,32,Active,6,Zürich,2868.0,501548,15.0,2.0,E-Bike,,
2023-09-24 03:38:00,151,47.387685,8.486284,Lindenplatz,Lindenplatz 1,8048,Zürich,True,32,Active,6,Zürich,4408.0,503292,29.0,2.0,E-Bike,,
2023-09-24 03:38:00,151,47.387685,8.486284,Lindenplatz,Lindenplatz 1,8048,Zürich,True,32,Active,6,Zürich,513.0,104745,,1.0,Bike,,
2023-09-24 03:38:00,151,47.387685,8.486284,Lindenplatz,Lindenplatz 1,8048,Zürich,True,32,Active,6,Zürich,3423.0,504024,18.0,2.0,E-Bike,,
2023-09-24 03:38:00,151,47.387685,8.486284,Lindenplatz,Lindenplatz 1,8048,Zürich,True,32,Active,6,Zürich,2632.0,501050,48.0,2.0,E-Bike,,
2023-09-24 03:38:00,151,47.387685,8.486284,Lindenplatz,Lindenplatz 1,8048,Zürich,True,32,Active,6,Zürich,4720.0,104016,,1.0,Bike,,
2023-09-24 03:38:00,151,47.387685,8.486284,Lindenplatz,Lindenplatz 1,8048,Zürich,True,32,Active,6,Zürich,4396.0,503240,59.0,2.0,E-Bike,,
2023-09-24 03:38:00,151,47.387685,8.486284,Lindenplatz,Lindenplatz 1,8048,Zürich,True,32,Active,6,Zürich,785.0,500289,45.0,2.0,E-Bike,,
2023-09-24 03:38:00,151,47.387685,8.486284,Lindenplatz,Lindenplatz 1,8048,Zürich,True,32,Active,6,Zürich,3945.0,103213,,1.0,Bike,,
2023-09-24 03:38:00,151,47.387685,8.486284,Lindenplatz,Lindenplatz 1,8048,Zürich,True,32,Active,6,Zürich,4435.0,503279,68.0,2.0,E-Bike,,
2023-09-24 03:38:00,151,47.387685,8.486284,Lindenplatz,Lindenplatz 1,8048,Zürich,True,32,Active,6,Zürich,3978.0,500812,71.0,2.0,E-Bike,,
2023-09-24 03:38:00,151,47.387685,8.486284,Lindenplatz,Lindenplatz 1,8048,Zürich,True,32,Active,6,Zürich,774.0,500283,16.0,2.0,E-Bike,,
2023-09-24 03:38:00,151,47.387685,8.486284,Lindenplatz,Lindenplatz 1,8048,Zürich,True,32,Active,6,Zürich,4782.0,500553,82.0,2.0,E-Bike,,
2023-09-24 03:38:00,151,47.387685,8.486284,Lindenplatz,Lindenplatz 1,8048,Zürich,True,32,Active,6,Zürich,751.0,503455,68.0,2.0,E-Bike,,
2023-09-24 03:38:00,151,47.387685,8.486284,Lindenplatz,Lindenplatz 1,8048,Zürich,True,32,Active,6,Zürich,4673.0,503136,91.0,2.0,E-Bike,,
2023-09-24 03:38:00,151,47.387685,8.486284,Lindenplatz,Lindenplatz 1,8048,Zürich,True,32,Active,6,Zürich,2848.0,501566,23.0,2.0,E-Bike,,
2023-09-24 03:38:00,151,47.387685,8.486284,Lindenplatz,Lindenplatz 1,8048,Zürich,True,32,Active,6,Zürich,3970.0,500818,41.0,2.0,E-Bike,,
2023-09-24 03:38:00,151,47.387685,8.486284,Lindenplatz,Lindenplatz 1,8048,Zürich,True,32,Active,6,Zürich,746.0,503735,53.0,2.0,E-Bike,,
2023-09-24 03:38:00,151,47.387685,8.486284,Lindenplatz,Lindenplatz 1,8048,Zürich,True,32,Active,6,Zürich,678.0,101174,,1.0,Bike,,
2023-09-24 03:38:00,566,47.396172,8.50373,Am Wasser,Hardeggstrasse 6,8049,Zürich,True,24,Active,6,Zürich,611.0,101425,,1.0,Bike,,
2023-09-24 03:38:00,566,47.396172,8.50373,Am Wasser,Hardeggstrasse 6,8049,Zürich,True,24,Active,6,Zürich,2205.0,101783,,1.0,Bike,,
2023-09-24 03:38:00,566,47.396172,8.50373,Am Wasser,Hardeggstrasse 6,8049,Zürich,True,24,Active,6,Zürich,3080.0,102837,,1.0,Bike,,
2023-09-24 03:38:00,566,47.396172,8.50373,Am Wasser,Hardeggstrasse 6,8049,Zürich,True,24,Active,6,Zürich,516.0,101208,,1.0,Bike,,
2023-09-24 03:38:00,566,47.396172,8.50373,Am Wasser,Hardeggstrasse 6,8049,Zürich,True,24,Active,6,Zürich,3842.0,105037,,1.0,Bike,,
2023-09-24 03:38:00,566,47.396172,8.50373,Am Wasser,Hardeggstrasse 6,8049,Zürich,True,24,Active,6,Zürich,733.0,500154,13.0,2.0,E-Bike,,
2023-09-24 03:38:00,566,47.396172,8.50373,Am Wasser,Hardeggstrasse 6,8049,Zürich,True,24,Active,6,Zürich,688.0,101199,,1.0,Bike,,
2023-09-24 03:38:00,566,47.396172,8.50373,Am Wasser,Hardeggstrasse 6,8049,Zürich,True,24,Active,6,Zürich,686.0,101171,,1.0,Bike,,
2023-09-24 03:38:00,97,47.3771535,8.5104883,Zurlindenstrasse,Zurlindenstrasse 291,8003,Zürich,True,24,Active,6,Zürich,854.0,500251,32.0,2.0,E-Bike,,
2023-09-24 03:38:00,642,46.816013,7.12996,Gare de Givisiez Sud,Route des Taconnets 3,1762,Givisiez,True,19,Active,8,Fribourg,5801.0,104134,,1.0,Bike,26.0,Sponsor 26
2023-09-24 03:38:00,22,46.508486,6.499667,Casino,Place du Casino,1110,Morges,True,11,Active,2,Lausanne-Morges,88.0,105210,,1.0,Bike,9.0,Sponsor 09
2023-09-24 03:38:00,22,46.508486,6.499667,Casino,Place du Casino,1110,Morges,True,11,Active,2,Lausanne-Morges,261.0,100156,,1.0,Bike,9.0,Sponsor 09
2023-09-24 03:38:00,22,46.508486,6.499667,Casino,Place du Casino,1110,Morges,True,11,Active,2,Lausanne-Morges,426.0,102730,,1.0,Bike,9.0,Sponsor 09
2023-09-24 03:38:00,22,46.508486,6.499667,Casino,Place du Casino,1110,Morges,True,11,Active,2,Lausanne-Morges,5957.0,503798,54.0,2.0,E-Bike,9.0,Sponsor 09
2023-09-24 03:38:00,22,46.508486,6.499667,Casino,Place du Casino,1110,Morges,True,11,Active,2,Lausanne-Morges,6050.0,104122,,1.0,Bike,9.0,Sponsor 09
2023-09-24 03:38:00,22,46.508486,6.499667,Casino,Place du Casino,1110,Morges,True,11,Active,2,Lausanne-Morges,2049.0,104630,,1.0,Bike,9.0,Sponsor 09
2023-09-24 03:38:00,22,46.508486,6.499667,Casino,Place du Casino,1110,Morges,True,11,Active,2,Lausanne-Morges,5941.0,503807,71.0,2.0,E-Bike,9.0,Sponsor 09
2023-09-24 03:38:00,22,46.508486,6.499667,Casino,Place du Casino,1110,Morges,True,11,Active,2,Lausanne-Morges,85.0,105209,,1.0,Bike,9.0,Sponsor 09
2023-09-24 03:38:00,22,46.508486,6.499667,Casino,Place du Casino,1110,Morges,True,11,Active,2,Lausanne-Morges,6038.0,104966,,1.0,Bike,9.0,Sponsor 09
2023-09-24 03:38:00,687,45.84024833885875,8.997598436485646,Incrocio via Torraccia - via Cereda,Via Torraccia 1,6883,Novazzano,True,16,Active,3,Sottoceneri (TI),4130.0,501526,72.0,2.0,E-Bike,,
2023-09-24 03:38:00,687,45.84024833885875,8.997598436485646,Incrocio via Torraccia - via Cereda,Via Torraccia 1,6883,Novazzano,True,16,Active,3,Sottoceneri (TI),5074.0,502890,60.0,2.0,E-Bike,,
2023-09-24 03:38:00,687,45.84024833885875,8.997598436485646,Incrocio via Torraccia - via Cereda,Via Torraccia 1,6883,Novazzano,True,16,Active,3,Sottoceneri (TI),5452.0,104589,,1.0,Bike,,
2023-09-24 03:38:00,687,45.84024833885875,8.997598436485646,Incrocio via Torraccia - via Cereda,Via Torraccia 1,6883,Novazzano,True,16,Active,3,Sottoceneri (TI),5113.0,104047,,1.0,Bike,,
2023-09-24 03:38:00,687,45.84024833885875,8.997598436485646,Incrocio via Torraccia - via Cereda,Via Torraccia 1,6883,Novazzano,True,16,Active,3,Sottoceneri (TI),5130.0,104076,,1.0,Bike,,
2023-09-24 03:38:00,687,45.84024833885875,8.997598436485646,Incrocio via Torraccia - via Cereda,Via Torraccia 1,6883,Novazzano,True,16,Active,3,Sottoceneri (TI),168.0,100192,,1.0,Bike,,
2023-09-24 03:38:00,107,47.365139,8.530916,Bederbrücke,Gutenbergstrasse 1,8002,Zürich,True,19,Active,6,Zürich,629.0,101438,,1.0,Bike,,
2023-09-24 03:38:00,859,46.54405624882997,6.6034499977507615,Piscine de Fleur-de-Lys,Sentier de la Fleur-de-Lys 2,1008,Prilly,True,80,Active,2,Lausanne-Morges,2053.0,101126,,1.0,Bike,,
2023-09-24 03:38:00,859,46.54405624882997,6.6034499977507615,Piscine de Fleur-de-Lys,Sentier de la Fleur-de-Lys 2,1008,Prilly,True,80,Active,2,Lausanne-Morges,221.0,105174,,1.0,Bike,,
2023-09-24 03:38:00,596,46.9446088,7.4290739,Schwarztorstrasse,Schwarztorstrasse 71,3007,Bern,True,26,Active,5,Bern,1671.0,501685,55.0,2.0,E-Bike,,
2023-09-24 03:38:00,596,46.9446088,7.4290739,Schwarztorstrasse,Schwarztorstrasse 71,3007,Bern,True,26,Active,5,Bern,1983.0,501816,91.0,2.0,E-Bike,,
2023-09-24 03:38:00,596,46.9446088,7.4290739,Schwarztorstrasse,Schwarztorstrasse 71,3007,Bern,True,26,Active,5,Bern,4518.0,503030,65.0,2.0,E-Bike,,
2023-09-24 03:38:00,596,46.9446088,7.4290739,Schwarztorstrasse,Schwarztorstrasse 71,3007,Bern,True,26,Active,5,Bern,1107.0,104168,,1.0,Bike,,
2023-09-24 03:38:00,801,45.844533,8.926253,Montanstahl Via Gerette,Via Gerette,6855,Stabio,True,24,Active,3,Sottoceneri (TI),1772.0,501654,86.0,2.0,E-Bike,,
2023-09-24 03:38:00,801,45.844533,8.926253,Montanstahl Via Gerette,Via Gerette,6855,Stabio,True,24,Active,3,Sottoceneri (TI),5031.0,502844,86.0,2.0,E-Bike,,
2023-09-24 03:38:00,769,46.776884,7.139565,Bel-Air,Route de Bel-Air 17,1723,Marly,True,21,Active,8,Fribourg,5708.0,504121,53.0,2.0,E-Bike,26.0,Sponsor 26
2023-09-24 03:38:00,769,46.776884,7.139565,Bel-Air,Route de Bel-Air 17,1723,Marly,True,21,Active,8,Fribourg,4298.0,104237,,1.0,Bike,26.0,Sponsor 26
2023-09-24 03:38:00,769,46.776884,7.139565,Bel-Air,Route de Bel-Air 17,1723,Marly,True,21,Active,8,Fribourg,5863.0,504164,44.0,2.0,E-Bike,26.0,Sponsor 26
2023-09-24 03:38:00,769,46.776884,7.139565,Bel-Air,Route de Bel-Air 17,1723,Marly,True,21,Active,8,Fribourg,5293.0,502460,,2.0,E-Bike,26.0,Sponsor 26
2023-09-24 03:38:00,769,46.776884,7.139565,Bel-Air,Route de Bel-Air 17,1723,Marly,True,21,Active,8,Fribourg,4268.0,503156,,2.0,E-Bike,26.0,Sponsor 26
2023-09-24 03:38:00,769,46.776884,7.139565,Bel-Air,Route de Bel-Air 17,1723,Marly,True,21,Active,8,Fribourg,1852.0,101765,,1.0,Bike,26.0,Sponsor 26
2023-09-24 03:38:00,769,46.776884,7.139565,Bel-Air,Route de Bel-Air 17,1723,Marly,True,21,Active,8,Fribourg,4463.0,101888,,1.0,Bike,26.0,Sponsor 26
2023-09-24 03:38:00,769,46.776884,7.139565,Bel-Air,Route de Bel-Air 17,1723,Marly,True,21,Active,8,Fribourg,5254.0,502939,10.0,2.0,E-Bike,26.0,Sponsor 26
2023-09-24 03:38:00,769,46.776884,7.139565,Bel-Air,Route de Bel-Air 17,1723,Marly,True,21,Active,8,Fribourg,4246.0,501482,40.0,2.0,E-Bike,26.0,Sponsor 26
2023-09-24 03:38:00,233,46.802604,7.1509925,Gare de Fribourg,Avenue de la Gare 1,1700,Fribourg,True,51,Active (empty),8,Fribourg,,,,,,26.0,Sponsor 26
2023-09-24 03:38:00,471,46.94774434260293,7.40357158919319,Weyermannshaus Bad,Stöckackerstrasse 9,3027,Bern,True,32,Active,5,Bern,4003.0,500754,44.0,2.0,E-Bike,,
2023-09-24 03:38:00,471,46.94774434260293,7.40357158919319,Weyermannshaus Bad,Stöckackerstrasse 9,3027,Bern,True,32,Active,5,Bern,2352.0,102493,,1.0,Bike,,
2023-09-24 03:38:00,471,46.94774434260293,7.40357158919319,Weyermannshaus Bad,Stöckackerstrasse 9,3027,Bern,True,32,Active,5,Bern,4889.0,503476,18.0,2.0,E-Bike,,
2023-09-24 03:38:00,471,46.94774434260293,7.40357158919319,Weyermannshaus Bad,Stöckackerstrasse 9,3027,Bern,True,32,Active,5,Bern,944.0,500320,30.0,2.0,E-Bike,,
2023-09-24 03:38:00,471,46.94774434260293,7.40357158919319,Weyermannshaus Bad,Stöckackerstrasse 9,3027,Bern,True,32,Active,5,Bern,3179.0,102769,,1.0,Bike,,
2023-09-24 03:38:00,471,46.94774434260293,7.40357158919319,Weyermannshaus Bad,Stöckackerstrasse 9,3027,Bern,True,32,Active,5,Bern,2763.0,102311,,1.0,Bike,,
2023-09-24 03:38:00,396,47.409881,8.535767,Holunderhof,Regensbergstrasse 195,8050,Zürich,True,19,Active,6,Zürich,4714.0,500683,73.0,2.0,E-Bike,,
2023-09-24 03:38:00,396,47.409881,8.535767,Holunderhof,Regensbergstrasse 195,8050,Zürich,True,19,Active,6,Zürich,838.0,500254,47.0,2.0,E-Bike,,
2023-09-24 03:38:00,396,47.409881,8.535767,Holunderhof,Regensbergstrasse 195,8050,Zürich,True,19,Active,6,Zürich,3968.0,500819,,2.0,E-Bike,,
2023-09-24 03:38:00,396,47.409881,8.535767,Holunderhof,Regensbergstrasse 195,8050,Zürich,True,19,Active,6,Zürich,741.0,503713,21.0,2.0,E-Bike,,
2023-09-24 03:38:00,396,47.409881,8.535767,Holunderhof,Regensbergstrasse 195,8050,Zürich,True,19,Active,6,Zürich,2637.0,501428,73.0,2.0,E-Bike,,
2023-09-24 03:38:00,396,47.409881,8.535767,Holunderhof,Regensbergstrasse 195,8050,Zürich,True,19,Active,6,Zürich,4696.0,500713,45.0,2.0,E-Bike,,
2023-09-24 03:38:00,396,47.409881,8.535767,Holunderhof,Regensbergstrasse 195,8050,Zürich,True,19,Active,6,Zürich,3258.0,102866,,1.0,Bike,,
2023-09-24 03:38:00,396,47.409881,8.535767,Holunderhof,Regensbergstrasse 195,8050,Zürich,True,19,Active,6,Zürich,3950.0,500816,60.0,2.0,E-Bike,,
2023-09-24 03:38:00,524,47.451336,8.58205,Stadtplatz Kloten,Bachstrasse 8,8302,Kloten,True,14,Active,6,Zürich,2924.0,501373,89.0,2.0,E-Bike,,
2023-09-24 03:38:00,524,47.451336,8.58205,Stadtplatz Kloten,Bachstrasse 8,8302,Kloten,True,14,Active,6,Zürich,3504.0,501148,37.0,2.0,E-Bike,,
2023-09-24 03:38:00,524,47.451336,8.58205,Stadtplatz Kloten,Bachstrasse 8,8302,Kloten,True,14,Active,6,Zürich,3961.0,500849,90.0,2.0,E-Bike,,
2023-09-24 03:38:00,524,47.451336,8.58205,Stadtplatz Kloten,Bachstrasse 8,8302,Kloten,True,14,Active,6,Zürich,3102.0,501122,,2.0,E-Bike,,
2023-09-24 03:38:00,524,47.451336,8.58205,Stadtplatz Kloten,Bachstrasse 8,8302,Kloten,True,14,Active,6,Zürich,4687.0,500678,40.0,2.0,E-Bike,,
2023-09-24 03:38:00,524,47.451336,8.58205,Stadtplatz Kloten,Bachstrasse 8,8302,Kloten,True,14,Active,6,Zürich,2833.0,501569,87.0,2.0,E-Bike,,
2023-09-24 03:38:00,524,47.451336,8.58205,Stadtplatz Kloten,Bachstrasse 8,8302,Kloten,True,14,Active,6,Zürich,2891.0,102673,,1.0,Bike,,
2023-09-24 03:38:00,664,46.011494,8.961011,Campus Est,Via la Santa,6962,Viganello,True,480,Active,3,Sottoceneri (TI),5140.0,104032,,1.0,Bike,,
2023-09-24 03:38:00,664,46.011494,8.961011,Campus Est,Via la Santa,6962,Viganello,True,480,Active,3,Sottoceneri (TI),5495.0,503869,66.0,2.0,E-Bike,,
2023-09-24 03:38:00,664,46.011494,8.961011,Campus Est,Via la Santa,6962,Viganello,True,480,Active,3,Sottoceneri (TI),5060.0,502892,38.0,2.0,E-Bike,,
2023-09-24 03:38:00,389,47.413032,8.558096,Hunziker-Areal,Andreasstrasse,8050,Zürich,True,19,Active,6,Zürich,2214.0,101794,,1.0,Bike,,
2023-09-24 03:38:00,389,47.413032,8.558096,Hunziker-Areal,Andreasstrasse,8050,Zürich,True,19,Active,6,Zürich,3302.0,102908,,1.0,Bike,,
2023-09-24 03:38:00,389,47.413032,8.558096,Hunziker-Areal,Andreasstrasse,8050,Zürich,True,19,Active,6,Zürich,534.0,101205,,1.0,Bike,,
2023-09-24 03:38:00,389,47.413032,8.558096,Hunziker-Areal,Andreasstrasse,8050,Zürich,True,19,Active,6,Zürich,4738.0,104018,,1.0,Bike,,
2023-09-24 03:38:00,389,47.413032,8.558096,Hunziker-Areal,Andreasstrasse,8050,Zürich,True,19,Active,6,Zürich,3975.0,500842,33.0,2.0,E-Bike,,
2023-09-24 03:38:00,389,47.413032,8.558096,Hunziker-Areal,Andreasstrasse,8050,Zürich,True,19,Active,6,Zürich,2860.0,501010,34.0,2.0,E-Bike,,
2023-09-24 03:38:00,389,47.413032,8.558096,Hunziker-Areal,Andreasstrasse,8050,Zürich,True,19,Active,6,Zürich,3817.0,103186,,1.0,Bike,,
2023-09-24 03:38:00,389,47.413032,8.558096,Hunziker-Areal,Andreasstrasse,8050,Zürich,True,19,Active,6,Zürich,2900.0,102675,,1.0,Bike,,
2023-09-24 03:38:00,389,47.413032,8.558096,Hunziker-Areal,Andreasstrasse,8050,Zürich,True,19,Active,6,Zürich,477.0,101163,,1.0,Bike,,
2023-09-24 03:38:00,389,47.413032,8.558096,Hunziker-Areal,Andreasstrasse,8050,Zürich,True,19,Active,6,Zürich,553.0,101420,,1.0,Bike,,
2023-09-24 03:38:00,389,47.413032,8.558096,Hunziker-Areal,Andreasstrasse,8050,Zürich,True,19,Active,6,Zürich,1546.0,501659,34.0,2.0,E-Bike,,
2023-09-24 03:38:00,389,47.413032,8.558096,Hunziker-Areal,Andreasstrasse,8050,Zürich,True,19,Active,6,Zürich,1588.0,501708,49.0,2.0,E-Bike,,
2023-09-24 03:38:00,389,47.413032,8.558096,Hunziker-Areal,Andreasstrasse,8050,Zürich,True,19,Active,6,Zürich,3380.0,105036,,1.0,Bike,,
2023-09-24 03:38:00,389,47.413032,8.558096,Hunziker-Areal,Andreasstrasse,8050,Zürich,True,19,Active,6,Zürich,3076.0,102131,,1.0,Bike,,
2023-09-24 03:38:00,603,47.409405,8.596064,Glattzentrum,Neue Winterthurerstrasse 82,8304,Wallisellen,True,27,Active,6,Zürich,2416.0,102565,,1.0,Bike,,
2023-09-24 03:38:00,855,46.54644014068801,6.54913196924048,Qoqa Bike2work,Rte de la Chaux 4,1030,Bussigny,True,32,Active,2,Lausanne-Morges,6136.0,504251,43.0,2.0,E-Bike,,
2023-09-24 03:38:00,855,46.54644014068801,6.54913196924048,Qoqa Bike2work,Rte de la Chaux 4,1030,Bussigny,True,32,Active,2,Lausanne-Morges,5748.0,503827,10.0,2.0,E-Bike,,
2023-09-24 03:38:00,855,46.54644014068801,6.54913196924048,Qoqa Bike2work,Rte de la Chaux 4,1030,Bussigny,True,32,Active,2,Lausanne-Morges,6133.0,504326,38.0,2.0,E-Bike,,
2023-09-24 03:38:00,855,46.54644014068801,6.54913196924048,Qoqa Bike2work,Rte de la Chaux 4,1030,Bussigny,True,32,Active,2,Lausanne-Morges,5996.0,503995,30.0,2.0,E-Bike,,
2023-09-24 03:38:00,855,46.54644014068801,6.54913196924048,Qoqa Bike2work,Rte de la Chaux 4,1030,Bussigny,True,32,Active,2,Lausanne-Morges,311.0,100434,11.0,2.0,E-Bike,,
2023-09-24 03:38:00,855,46.54644014068801,6.54913196924048,Qoqa Bike2work,Rte de la Chaux 4,1030,Bussigny,True,32,Active,2,Lausanne-Morges,358.0,504204,11.0,2.0,E-Bike,,
2023-09-24 03:38:00,855,46.54644014068801,6.54913196924048,Qoqa Bike2work,Rte de la Chaux 4,1030,Bussigny,True,32,Active,2,Lausanne-Morges,327.0,100425,,2.0,E-Bike,,
2023-09-24 03:38:00,855,46.54644014068801,6.54913196924048,Qoqa Bike2work,Rte de la Chaux 4,1030,Bussigny,True,32,Active,2,Lausanne-Morges,320.0,100424,13.0,2.0,E-Bike,,
2023-09-24 03:38:00,855,46.54644014068801,6.54913196924048,Qoqa Bike2work,Rte de la Chaux 4,1030,Bussigny,True,32,Active,2,Lausanne-Morges,328.0,100433,,2.0,E-Bike,,
2023-09-24 03:38:00,855,46.54644014068801,6.54913196924048,Qoqa Bike2work,Rte de la Chaux 4,1030,Bussigny,True,32,Active,2,Lausanne-Morges,45.0,100238,12.0,2.0,E-Bike,,
2023-09-24 03:38:00,855,46.54644014068801,6.54913196924048,Qoqa Bike2work,Rte de la Chaux 4,1030,Bussigny,True,32,Active,2,Lausanne-Morges,355.0,503484,23.0,2.0,E-Bike,,
2023-09-24 03:38:00,855,46.54644014068801,6.54913196924048,Qoqa Bike2work,Rte de la Chaux 4,1030,Bussigny,True,32,Active,2,Lausanne-Morges,5739.0,504431,29.0,2.0,E-Bike,,
2023-09-24 03:38:00,855,46.54644014068801,6.54913196924048,Qoqa Bike2work,Rte de la Chaux 4,1030,Bussigny,True,32,Active,2,Lausanne-Morges,6157.0,504443,41.0,2.0,E-Bike,,
2023-09-24 03:38:00,855,46.54644014068801,6.54913196924048,Qoqa Bike2work,Rte de la Chaux 4,1030,Bussigny,True,32,Active,2,Lausanne-Morges,6.0,100357,13.0,2.0,E-Bike,,
2023-09-24 03:38:00,855,46.54644014068801,6.54913196924048,Qoqa Bike2work,Rte de la Chaux 4,1030,Bussigny,True,32,Active,2,Lausanne-Morges,13.0,100371,,2.0,E-Bike,,
2023-09-24 03:38:00,855,46.54644014068801,6.54913196924048,Qoqa Bike2work,Rte de la Chaux 4,1030,Bussigny,True,32,Active,2,Lausanne-Morges,405.0,500012,39.0,2.0,E-Bike,,
2023-09-24 03:38:00,855,46.54644014068801,6.54913196924048,Qoqa Bike2work,Rte de la Chaux 4,1030,Bussigny,True,32,Active,2,Lausanne-Morges,5961.0,503797,,2.0,E-Bike,,
2023-09-24 03:38:00,855,46.54644014068801,6.54913196924048,Qoqa Bike2work,Rte de la Chaux 4,1030,Bussigny,True,32,Active,2,Lausanne-Morges,5764.0,503751,15.0,2.0,E-Bike,,
2023-09-24 03:38:00,855,46.54644014068801,6.54913196924048,Qoqa Bike2work,Rte de la Chaux 4,1030,Bussigny,True,32,Active,2,Lausanne-Morges,5756.0,503820,34.0,2.0,E-Bike,,
2023-09-24 03:38:00,855,46.54644014068801,6.54913196924048,Qoqa Bike2work,Rte de la Chaux 4,1030,Bussigny,True,32,Active,2,Lausanne-Morges,7.0,503623,14.0,2.0,E-Bike,,
2023-09-24 03:38:00,244,46.9603536,7.4485856,Wyleregg,Wylerstrasse 51,3014,Bern,True,13,Active,5,Bern,2168.0,504463,79.0,2.0,E-Bike,,
2023-09-24 03:38:00,244,46.9603536,7.4485856,Wyleregg,Wylerstrasse 51,3014,Bern,True,13,Active,5,Bern,3459.0,502255,45.0,2.0,E-Bike,,
2023-09-24 03:38:00,244,46.9603536,7.4485856,Wyleregg,Wylerstrasse 51,3014,Bern,True,13,Active,5,Bern,4336.0,503203,26.0,2.0,E-Bike,,
2023-09-24 03:38:00,244,46.9603536,7.4485856,Wyleregg,Wylerstrasse 51,3014,Bern,True,13,Active,5,Bern,1979.0,501836,51.0,2.0,E-Bike,,
2023-09-24 03:38:00,244,46.9603536,7.4485856,Wyleregg,Wylerstrasse 51,3014,Bern,True,13,Active,5,Bern,2706.0,102305,,1.0,Bike,,
2023-09-24 03:38:00,244,46.9603536,7.4485856,Wyleregg,Wylerstrasse 51,3014,Bern,True,13,Active,5,Bern,3216.0,102748,,1.0,Bike,,
2023-09-24 03:38:00,244,46.9603536,7.4485856,Wyleregg,Wylerstrasse 51,3014,Bern,True,13,Active,5,Bern,2370.0,502657,,2.0,E-Bike,,
2023-09-24 03:38:00,244,46.9603536,7.4485856,Wyleregg,Wylerstrasse 51,3014,Bern,True,13,Active,5,Bern,3456.0,501140,35.0,2.0,E-Bike,,
2023-09-24 03:38:00,244,46.9603536,7.4485856,Wyleregg,Wylerstrasse 51,3014,Bern,True,13,Active,5,Bern,2798.0,501352,15.0,2.0,E-Bike,,
2023-09-24 03:38:00,244,46.9603536,7.4485856,Wyleregg,Wylerstrasse 51,3014,Bern,True,13,Active,5,Bern,1029.0,500369,29.0,2.0,E-Bike,,
2023-09-24 03:38:00,640,46.795871,7.156473,Faucigny,Rue P.-A.-de- Faucigny 5,1700,Fribourg,True,37,Active,8,Fribourg,4474.0,503001,13.0,2.0,E-Bike,26.0,Sponsor 26
2023-09-24 03:38:00,640,46.795871,7.156473,Faucigny,Rue P.-A.-de- Faucigny 5,1700,Fribourg,True,37,Active,8,Fribourg,5005.0,502819,24.0,2.0,E-Bike,26.0,Sponsor 26
2023-09-24 03:38:00,640,46.795871,7.156473,Faucigny,Rue P.-A.-de- Faucigny 5,1700,Fribourg,True,37,Active,8,Fribourg,5252.0,502432,47.0,2.0,E-Bike,26.0,Sponsor 26
2023-09-24 03:38:00,640,46.795871,7.156473,Faucigny,Rue P.-A.-de- Faucigny 5,1700,Fribourg,True,37,Active,8,Fribourg,5240.0,502425,55.0,2.0,E-Bike,26.0,Sponsor 26
2023-09-24 03:38:00,640,46.795871,7.156473,Faucigny,Rue P.-A.-de- Faucigny 5,1700,Fribourg,True,37,Active,8,Fribourg,5674.0,504191,40.0,2.0,E-Bike,26.0,Sponsor 26
2023-09-24 03:38:00,640,46.795871,7.156473,Faucigny,Rue P.-A.-de- Faucigny 5,1700,Fribourg,True,37,Active,8,Fribourg,5919.0,503852,61.0,2.0,E-Bike,26.0,Sponsor 26
2023-09-24 03:38:00,640,46.795871,7.156473,Faucigny,Rue P.-A.-de- Faucigny 5,1700,Fribourg,True,37,Active,8,Fribourg,264.0,100462,83.0,2.0,E-Bike,26.0,Sponsor 26
2023-09-24 03:38:00,640,46.795871,7.156473,Faucigny,Rue P.-A.-de- Faucigny 5,1700,Fribourg,True,37,Active,8,Fribourg,4995.0,503299,86.0,2.0,E-Bike,26.0,Sponsor 26
2023-09-24 03:38:00,640,46.795871,7.156473,Faucigny,Rue P.-A.-de- Faucigny 5,1700,Fribourg,True,37,Active,8,Fribourg,1857.0,101757,,1.0,Bike,26.0,Sponsor 26
2023-09-24 03:38:00,640,46.795871,7.156473,Faucigny,Rue P.-A.-de- Faucigny 5,1700,Fribourg,True,37,Active,8,Fribourg,1865.0,101761,,1.0,Bike,26.0,Sponsor 26
2023-09-24 03:38:00,640,46.795871,7.156473,Faucigny,Rue P.-A.-de- Faucigny 5,1700,Fribourg,True,37,Active,8,Fribourg,5312.0,103992,,1.0,Bike,26.0,Sponsor 26
2023-09-24 03:38:00,640,46.795871,7.156473,Faucigny,Rue P.-A.-de- Faucigny 5,1700,Fribourg,True,37,Active,8,Fribourg,1934.0,500964,62.0,2.0,E-Bike,26.0,Sponsor 26
2023-09-24 03:38:00,640,46.795871,7.156473,Faucigny,Rue P.-A.-de- Faucigny 5,1700,Fribourg,True,37,Active,8,Fribourg,1923.0,500975,17.0,2.0,E-Bike,26.0,Sponsor 26
2023-09-24 03:38:00,640,46.795871,7.156473,Faucigny,Rue P.-A.-de- Faucigny 5,1700,Fribourg,True,37,Active,8,Fribourg,4997.0,503020,,2.0,E-Bike,26.0,Sponsor 26
2023-09-24 03:38:00,640,46.795871,7.156473,Faucigny,Rue P.-A.-de- Faucigny 5,1700,Fribourg,True,37,Active,8,Fribourg,5817.0,104998,,1.0,Bike,26.0,Sponsor 26
2023-09-24 03:38:00,686,45.8762029265714,8.981280464481735,Mendrisio Fox Town,Via Moree,6850,Mendrisio,True,18,Active (empty),3,Sottoceneri (TI),,,,,,,
2023-09-24 03:38:00,557,47.374192,8.514116,Idaplatz,Idaplatz 4,8003,Zürich,True,24,Active,6,Zürich,2471.0,102612,,1.0,Bike,,
2023-09-24 03:38:00,557,47.374192,8.514116,Idaplatz,Idaplatz 4,8003,Zürich,True,24,Active,6,Zürich,4774.0,500500,66.0,2.0,E-Bike,,
2023-09-24 03:38:00,557,47.374192,8.514116,Idaplatz,Idaplatz 4,8003,Zürich,True,24,Active,6,Zürich,2880.0,101987,,1.0,Bike,,
2023-09-24 03:38:00,557,47.374192,8.514116,Idaplatz,Idaplatz 4,8003,Zürich,True,24,Active,6,Zürich,2882.0,102661,,1.0,Bike,,
2023-09-24 03:38:00,557,47.374192,8.514116,Idaplatz,Idaplatz 4,8003,Zürich,True,24,Active,6,Zürich,1545.0,501669,64.0,2.0,E-Bike,,
2023-09-24 03:38:00,557,47.374192,8.514116,Idaplatz,Idaplatz 4,8003,Zürich,True,24,Active,6,Zürich,3679.0,103099,,1.0,Bike,,
2023-09-24 03:38:00,557,47.374192,8.514116,Idaplatz,Idaplatz 4,8003,Zürich,True,24,Active,6,Zürich,914.0,500141,75.0,2.0,E-Bike,,
2023-09-24 03:38:00,557,47.374192,8.514116,Idaplatz,Idaplatz 4,8003,Zürich,True,24,Active,6,Zürich,2193.0,102406,,1.0,Bike,,
2023-09-24 03:38:00,557,47.374192,8.514116,Idaplatz,Idaplatz 4,8003,Zürich,True,24,Active,6,Zürich,934.0,500303,20.0,2.0,E-Bike,,
2023-09-24 03:38:00,557,47.374192,8.514116,Idaplatz,Idaplatz 4,8003,Zürich,True,24,Active,6,Zürich,4392.0,503252,,2.0,E-Bike,,
2023-09-24 03:38:00,557,47.374192,8.514116,Idaplatz,Idaplatz 4,8003,Zürich,True,24,Active,6,Zürich,2933.0,102236,,1.0,Bike,,
2023-09-24 03:38:00,557,47.374192,8.514116,Idaplatz,Idaplatz 4,8003,Zürich,True,24,Active,6,Zürich,2437.0,102570,,1.0,Bike,,
2023-09-24 03:38:00,435,46.009713,8.96008,Ospedale Italiano di Lugano,Via Pietro Cappelli,6900,Lugano,True,80,Active,3,Sottoceneri (TI),5569.0,104893,,1.0,Bike,,
2023-09-24 03:38:00,140,47.366904,8.533736,Bleicherweg,Bleicherweg 33,8002,Zürich,True,26,Active,6,Zürich,3057.0,102344,,1.0,Bike,,
2023-09-24 03:38:00,140,47.366904,8.533736,Bleicherweg,Bleicherweg 33,8002,Zürich,True,26,Active,6,Zürich,655.0,101455,,1.0,Bike,,
2023-09-24 03:38:00,140,47.366904,8.533736,Bleicherweg,Bleicherweg 33,8002,Zürich,True,26,Active,6,Zürich,3292.0,102905,,1.0,Bike,,
2023-09-24 03:38:00,140,47.366904,8.533736,Bleicherweg,Bleicherweg 33,8002,Zürich,True,26,Active,6,Zürich,1556.0,501667,,2.0,E-Bike,,
2023-09-24 03:38:00,140,47.366904,8.533736,Bleicherweg,Bleicherweg 33,8002,Zürich,True,26,Active,6,Zürich,455.0,101150,,1.0,Bike,,
2023-09-24 03:38:00,140,47.366904,8.533736,Bleicherweg,Bleicherweg 33,8002,Zürich,True,26,Active,6,Zürich,691.0,101173,,1.0,Bike,,
2023-09-24 03:38:00,140,47.366904,8.533736,Bleicherweg,Bleicherweg 33,8002,Zürich,True,26,Active,6,Zürich,2873.0,102639,,1.0,Bike,,
2023-09-24 03:38:00,644,46.776964,7.16038,Marly-Cité,Route de Fribourg,1723,Marly,True,32,Active,8,Fribourg,5729.0,504113,25.0,2.0,E-Bike,26.0,Sponsor 26
2023-09-24 03:38:00,644,46.776964,7.16038,Marly-Cité,Route de Fribourg,1723,Marly,True,32,Active,8,Fribourg,5706.0,504183,90.0,2.0,E-Bike,26.0,Sponsor 26
2023-09-24 03:38:00,644,46.776964,7.16038,Marly-Cité,Route de Fribourg,1723,Marly,True,32,Active,8,Fribourg,4272.0,503161,40.0,2.0,E-Bike,26.0,Sponsor 26
2023-09-24 03:38:00,644,46.776964,7.16038,Marly-Cité,Route de Fribourg,1723,Marly,True,32,Active,8,Fribourg,4478.0,503006,41.0,2.0,E-Bike,26.0,Sponsor 26
2023-09-24 03:38:00,644,46.776964,7.16038,Marly-Cité,Route de Fribourg,1723,Marly,True,32,Active,8,Fribourg,5736.0,504114,,2.0,E-Bike,26.0,Sponsor 26
2023-09-24 03:38:00,644,46.776964,7.16038,Marly-Cité,Route de Fribourg,1723,Marly,True,32,Active,8,Fribourg,4480.0,503012,48.0,2.0,E-Bike,26.0,Sponsor 26
2023-09-24 03:38:00,644,46.776964,7.16038,Marly-Cité,Route de Fribourg,1723,Marly,True,32,Active,8,Fribourg,1917.0,500962,14.0,2.0,E-Bike,26.0,Sponsor 26
2023-09-24 03:38:00,644,46.776964,7.16038,Marly-Cité,Route de Fribourg,1723,Marly,True,32,Active,8,Fribourg,1842.0,101750,,1.0,Bike,26.0,Sponsor 26
2023-09-24 03:38:00,644,46.776964,7.16038,Marly-Cité,Route de Fribourg,1723,Marly,True,32,Active,8,Fribourg,5316.0,103987,,1.0,Bike,26.0,Sponsor 26
2023-09-24 03:38:00,644,46.776964,7.16038,Marly-Cité,Route de Fribourg,1723,Marly,True,32,Active,8,Fribourg,5326.0,104970,,1.0,Bike,26.0,Sponsor 26
2023-09-24 03:38:00,644,46.776964,7.16038,Marly-Cité,Route de Fribourg,1723,Marly,True,32,Active,8,Fribourg,1925.0,500965,76.0,2.0,E-Bike,26.0,Sponsor 26
2023-09-24 03:38:00,644,46.776964,7.16038,Marly-Cité,Route de Fribourg,1723,Marly,True,32,Active,8,Fribourg,5814.0,104976,,1.0,Bike,26.0,Sponsor 26
2023-09-24 03:38:00,644,46.776964,7.16038,Marly-Cité,Route de Fribourg,1723,Marly,True,32,Active,8,Fribourg,5733.0,104997,,1.0,Bike,26.0,Sponsor 26
2023-09-24 03:38:00,644,46.776964,7.16038,Marly-Cité,Route de Fribourg,1723,Marly,True,32,Active,8,Fribourg,4479.0,503007,59.0,2.0,E-Bike,26.0,Sponsor 26
2023-09-24 03:38:00,644,46.776964,7.16038,Marly-Cité,Route de Fribourg,1723,Marly,True,32,Active,8,Fribourg,5926.0,503977,65.0,2.0,E-Bike,26.0,Sponsor 26
2023-09-24 03:38:00,644,46.776964,7.16038,Marly-Cité,Route de Fribourg,1723,Marly,True,32,Active,8,Fribourg,1921.0,500969,31.0,2.0,E-Bike,26.0,Sponsor 26
2023-09-24 03:38:00,207,46.001154,8.934162,Sorengo Parco Sportivo,Via al Laghetto 5,6924,Sorengo,True,80,Active,3,Sottoceneri (TI),5540.0,104886,,1.0,Bike,,
2023-09-24 03:38:00,207,46.001154,8.934162,Sorengo Parco Sportivo,Via al Laghetto 5,6924,Sorengo,True,80,Active,3,Sottoceneri (TI),195.0,100301,87.0,2.0,E-Bike,,
2023-09-24 03:38:00,608,46.42121,6.26294,"Gland, La Dôle",Chemin de la Dôle 15-11,1196,Gland,True,22,Active,9,Région de Nyon,1324.0,101103,,1.0,Bike,,
2023-09-24 03:38:00,608,46.42121,6.26294,"Gland, La Dôle",Chemin de la Dôle 15-11,1196,Gland,True,22,Active,9,Région de Nyon,5232.0,502933,20.0,2.0,E-Bike,,
2023-09-24 03:38:00,509,46.796171649939694,7.143346608386447,Beaumont FR,Route de Beaumont 10,1700,Fribourg,True,26,Active,8,Fribourg,1892.0,500925,47.0,2.0,E-Bike,26.0,Sponsor 26
2023-09-24 03:38:00,509,46.796171649939694,7.143346608386447,Beaumont FR,Route de Beaumont 10,1700,Fribourg,True,26,Active,8,Fribourg,5284.0,502459,35.0,2.0,E-Bike,26.0,Sponsor 26
2023-09-24 03:38:00,509,46.796171649939694,7.143346608386447,Beaumont FR,Route de Beaumont 10,1700,Fribourg,True,26,Active,8,Fribourg,5823.0,104977,,1.0,Bike,26.0,Sponsor 26
2023-09-24 03:38:00,509,46.796171649939694,7.143346608386447,Beaumont FR,Route de Beaumont 10,1700,Fribourg,True,26,Active,8,Fribourg,1902.0,500955,74.0,2.0,E-Bike,26.0,Sponsor 26
2023-09-24 03:38:00,509,46.796171649939694,7.143346608386447,Beaumont FR,Route de Beaumont 10,1700,Fribourg,True,26,Active,8,Fribourg,5251.0,502410,33.0,2.0,E-Bike,26.0,Sponsor 26
2023-09-24 03:38:00,149,47.392336,8.491061,Vulkanplatz,Vulkanplatz 1,8048,Zürich,True,19,Active,6,Zürich,2676.0,102868,,1.0,Bike,,
2023-09-24 03:38:00,149,47.392336,8.491061,Vulkanplatz,Vulkanplatz 1,8048,Zürich,True,19,Active,6,Zürich,3705.0,105024,,1.0,Bike,,
2023-09-24 03:38:00,149,47.392336,8.491061,Vulkanplatz,Vulkanplatz 1,8048,Zürich,True,19,Active,6,Zürich,1818.0,104485,,1.0,Bike,,
2023-09-24 03:38:00,149,47.392336,8.491061,Vulkanplatz,Vulkanplatz 1,8048,Zürich,True,19,Active,6,Zürich,3251.0,102880,,1.0,Bike,,
2023-09-24 03:38:00,149,47.392336,8.491061,Vulkanplatz,Vulkanplatz 1,8048,Zürich,True,19,Active,6,Zürich,3765.0,103148,,1.0,Bike,,
2023-09-24 03:38:00,149,47.392336,8.491061,Vulkanplatz,Vulkanplatz 1,8048,Zürich,True,19,Active,6,Zürich,3663.0,103017,,1.0,Bike,,
2023-09-24 03:38:00,149,47.392336,8.491061,Vulkanplatz,Vulkanplatz 1,8048,Zürich,True,19,Active,6,Zürich,916.0,500129,65.0,2.0,E-Bike,,
2023-09-24 03:38:00,149,47.392336,8.491061,Vulkanplatz,Vulkanplatz 1,8048,Zürich,True,19,Active,6,Zürich,1579.0,101653,,1.0,Bike,,
2023-09-24 03:38:00,149,47.392336,8.491061,Vulkanplatz,Vulkanplatz 1,8048,Zürich,True,19,Active,6,Zürich,1825.0,101656,,1.0,Bike,,
2023-09-24 03:38:00,149,47.392336,8.491061,Vulkanplatz,Vulkanplatz 1,8048,Zürich,True,19,Active,6,Zürich,560.0,101196,,1.0,Bike,,
